 300002  2 000002
           000003
 300003  3 000010
           000011
           000012
 300004  9 300003
           000013
           000014
           000015
           000016
           000017
           000018
           000019
           000020
 300010  4 300003
           101000
           031001
           000030
 301001  2 001001
           001002
 301002  3 001003
           001004
           001005
 301003  3 001011
           001012
           001013
 301011  3 004001
           004002
           004003
 301012  2 004004
           004005
 301013  3 004004
           004005
           004006
 301021  2 005001
           006001
 301022  3 005001
           006001
           007001
 301023  2 005002
           006002
 301024  3 005002
           006002
           007001
 301025  3 301023
           004003
           301012
 301026  7 301021
           004003
           004003
           004004
           004004
           004005
           004005
 301031  5 301001
           002001
           301011
           301012
           301022
 301032  5 301001
           002001
           301011
           301012
           301024
 301033  5 001005
           002001
           301011
           301012
           301021
 301034  5 001005
           002001
           301011
           301012
           301023
 301035  7 001005
           001012
           001013 
           002001
           301011
           301012
           301023
 301036  5 301003
           002001
           301011
           301012
           301023
 301037  6 301001
           002011
           002012
           301011
           301012
           301022
 301038  6 301001
           002001
           002012
           301011
           301012
           301024
 301039  6 301003
           002011
           002012
           301011 
           301012
           301023
 301040  6 301003
           002011
           002012
           301011
           301012
           301024 
 301041  5 001007
           002021
           002022
           301011
           301012 
 301042  2 301041
           301021
 301043  5 001007
           002023
           301011
           301013
           301021
 301044  5 001007
           002024
           301011
           301013
           301021
 301051  6 001006
           002061
           301011
           301012
           301021
           008004
 301194  9 001194
           001012
           001013
           002011
           002012
           301011
           301012
           301023
           007001 
 301195  9 001195
           001012
           001013
           002011
           002012
           301011
           301012
           301023
           007001
 301196  7 301003
           002011
           002012
           301011 
           301012
           301023
           007001
 301200  2 001032
           033194
 301201  2 101003
           033193
 301202  2 001031
           001032
 301237 12 001007
           001012
           002021
           301011
           004004
           004005
           201138
           202131
           004006
           201000
           202000
           301023
 301238 14 002104
           002121
           002113
           002026
           002027
           002111
           002192
           202127
           001013
           202126
           007001
           202000
           025010
           021194
 301239  5 002111
           002112
           021192
           021193
           021195
 301240  5 201131
           202129
           022021
           201000
           202000
 301241  5 201141
           202130
           007001
           201000
           202000
 301242  6 021207
           021208
           021209
           021210
           021211
           021212
 302001  4 010004
           010051
           010061
           010063
 302002  5 010004
           007004
           010003
           010061
           010063
 302003  9 011011
           011012
           012004
           012006
           013003
           020001
           020003
           020004
           020005
 302004  7 020010
           008002
           020011
           020013
           020012
           020012
           020012
 302005  4 008002
           020011
           020012
           020013
 302011  3 302001
           302003
           302004
 302012  3 302002
           302003
           302004
 302021  3 022001
           022011
           022021
 302022  3 022002
           022012 
           022022
 302023  3 022003
           022013
           022023
 302024  3 302022
           302023
           302023
 302025  6 011011
           011012
           012004
           012006
           020001
           020003
 302205  5 201131
           202129
           022021
           201000
           202000
 302206  9 302205
           201130
           202129
           022011
           201000
           202000
           022001
           011001
           011002
 303001  3 007003
           011001
           011002
 303002  3 007004
           011001
           011002
 303003  4 007004
           010003
           012001
           012003
 303004  6 007004
           010003
           012001
           012003
           011001
           011002
 303011  4 007003
           008001
           011001
           011002
 303012  4 007004
           008001
           011001
           011002
 303013  7 007004
           008001
           010003
           012001
           013003
           011001
           011002
 303014  7 007004
           008001
           010003
           012001
           012003
           011001
           011002
 303021  4 007004
           007004
           204007
           031021
 303022  3 303021
           010003
           204000
 303023  3 303021
           012001
           204000
 303024  3 303021
           013016
           204000
 303025  5 002025
           204007
           031021
           012063
           204000
 303026  6 007004
           008003
           204007
           031021
           012001
           204000
 303027  5 007004
           204007
           031021
           010003
           204000
 303031  6 007004
           008003
           007021
           007022
           008012
           012061
 303032  2 020011
           020016
 304001  5 008003
           010004
           012001
           011001
           011002
 304002  4 008003
           010004
           011001
           011002
 304003  2 008003
           012001
 304004  4 008003
           010004
           020010
           012001
 304005  4 002024
           007004
           007004
           013003
 304006  3 014001
           014001
           014003
 304228  3 005217
           006217
           007217
 304229  3 001208
           001209
           001210
 306001  5 002032
           102000
           031001
           007062
           022042
 306002  3 002031
           022004
           022031
 306003  4 002002
           011011
           011012
           012004
 306004  7 002032
           002033
           103000
           031001
           007062
           022043
           022062
 306005  6 002031
           103000
           031001
           007062
           022004
           022031
 306006  3 306003
           306002
           022063
 306007  6 001012
           001014
           306008
           004024
           027003
           028003
 306008  3 002034
           002035
           002036
 307001  2 301031
           302011
 307002  2 301032
           302011
 307003  4 307001
           101000
           031001
           302005
 307004  4 307002
           101000
           031001
           302005
 307005  3 307001
           101004
           302005
 307006  3 307002
           101004
           302005
 307007  2 301031
           302012
 307008  2 301032
           302012
 307009  5 301032
           010051
           302025
           020010           
           302005
 308001  3 301033
           302011
           022042
 308002  3 301034
           302011
           022042
 308003  3 301035
           302011
           022042
 308004  3 301036
           302011
           022042
 308005  2 308004
           302024
 308006  8 010004
           010061
           010063
           011001
           011002
           012004
           013003
           022042
 309001  4 301037
           101000
           031001
           303011
 309002  4 301038
           101000
           031001
           303011
 309003  4 301037
           101000
           031001
           303012
 309004  4 301038
           101000
           031001
           303012
 309005  5 301037
           302004 
           101000
           031001
           303013
 309006  5 301038
           302004
           101000
           031001
           303013
 309007  5 301037
           302004
           101000
           031001
           303014
 309008  5 301038
           302004
           101000
           031001
           303014
 309011  4 301039
           101000
           031001
           303011
 309012  4 301039
           101000
           031001
           303012
 309013  5 301039
           302004
           101000
           031001
           303013
 309014  5 301039
           302004
           101000
           031001
           303014
 309015  4 301040
           101000
           031001
           303011
 309016  4 301040
           101000
           031001
           303012
 309017  5 301040
           302004
           101000
           031001
           303013
 309018  5 301031
           002003
           101000
           031001
           303011
 309019  8 301031
           002003
           104000
           031001
           007003
           011003
           011004
           011005 
 309194  5 301194
           302004
           101000
           031001
           303014
 309195  5 301195
           302004
           101000
           031001
           303014
 309196  5 301196
           302004
           101000
           031001
           303014
 310001  5 301042
           303031
           303032
           101026
           303025
 310002  5 301042
           303031
           303032
           101009
           303023
 310003  5 301042
           303031
           303032
           101006
           303023
 310004  5 301042
           303031
           303032
           101003
           303024
 311001  9 301051
           007002
           012001
           011001
           011002
           011031
           011032
           011033
           020041
 312001  2 301043
           304001
 312002  2 301043
           304002
 312003  2 301042
           304003
 312004  2 301042
           304004
 312005  2 301042
           020014
 312006  2 301044
           304005
 312007  2 301042
           304006
 312010  6 001007
           005040
           002021
           005041
           004001
           004043
 312011  9 202131
           201149
           004006
           201000
           102032
           010002
           202000
           005043
           005053
 312012  6 202129
           201132
           101019
           012063
           201000
           202000
 312013  6 005033
           202129
           201135
           012063
           201000
           202000
 312014  8 312010
           312011
           105056
           301023
           005042
           005052
           312012
           312013
 312015 10 109011
           301023
           005042
           005052
           202129
           201132
           101004
           012063
           202000
           201000
 312016  3 312010
           312011
           312015
 312017 10 109008
           301023
           005042
           005052
           202129
           201132
           101003
           012063
           202000
           201000
 312018  3 312010
           312011
           312017             
 312200 10 301237   UWA PRODUCT
           301238
           029002
           021206
           104012
           006232
           102012
           005232
           021205
           021196
 312201  6 301237   UWI PRODUCT
           101003
           301239
           011012
           011011
           021197
 312202 13 301237   URA PRODUCT
           008022
           011012
           011050
           301240
           022243
           301241
           010050
           021198
           021201
           021202
           021203
           301242
 312203  8 301237   UAT PRODUCT
           008022
           012061
           022050
           021204
           021199
           021214
           021215 
 312204 12 312201   MWI PRODUCT
           001031
           011012
           011011
           021200
           021213
           004004
           008021
           004024
           055003
           011012
           011011  
 312207  3 312202
           301202
           033191
 312208 17 301202
           008022
           008021
           301011
           301013
           301023
           302205
           011002
           001007
           002021
           301011
           301013
           301023
           001032
           001192
           302205
           011002
 312209 11 301202
           001192
           301011
           301013
           301023
           302206
           104000
           022192
           102000
           005232
           022191
 312210 13 312202
           021192
           015202
           301011
           004004
           004005
           201138
           202131
           004006
           201000
           202000
           304228
           304229
 313009  4 021001
           101000
           031001
           021001
 313010  4 021036
           101000
           031001
           021036
 313041 10 006002
           006012
           106000
           031001
           101000
           031011
           030001
           101000
           031001
           030001
 313042  5 005002
           005012
           101000
           031002
           313041 
 315001  5 001011
           301011
           301012
           301023
           306001
 315002  5 001011
           301011
           301012
           301023
           306004
 316001 10 301011
           004004
           301023
           001021
           002041
           019001
           010051
           019002
           019003
           019004
 318001  2 301025
           024011
 318003  4 301026
           024005
           024004
           024021
 318004  6 301025
           004023
           013011
           024005
           024004
           024022
 321001  6 002101
           002114
           002105
           002106
           002107
           002121
 321003  4 021051
           021014
           021017
           025030
 321004  5 301031
           002003
           101000
           031001
           321003 
 321005 12 025004
           002121
           002122
           002123
           002124
           002125
           002126
           002127
           002128
           002129
           002130
           002131
 321006  4 025001
           025002
           025003
           025005
 321007  8 025009
           025010
           025011
           025012
           025013
           025015
           025016
           025017
 321008  3 025006
           025007
           025008
 321009  2 025018
           025019
 321010 13 002101
           007002
           002102
           002103
           002104
           002105
           002106
           002107
           002108
           002109
           002110
           002132
           002133
 321011  3 030031
           030032
           029002
 321012  3 101000
           031001
           002135 
