 300002 002 000002                                                                                                      
            000003
 300003 003 000010                                                                                                      
            000011
            000012
 300004 011 000010                                                                                                      
            000011
            000012
            000013
            000014
            000015
            000016
            000017
            000018
            000019
            000020
 300010 006 000010                                                                                                      
            000011
            000012
            101000
            031001
            000030
 301001 002 001001                                                                                                      
            001002
 301002 003 001003                                                                                                      
            001004
            001005
 301003 003 001011                                                                                                      
            001012
            001013
 301011 003 004001                                                                                                      
            004002
            004003
 301012 002 004004                                                                                                      
            004005
 301013 003 004004                                                                                                      
            004005
            004006
 301021 002 005001                                                                                                      
            006001
 301022 003 005001                                                                                                      
            006001
            007001
 301023 002 005002                                                                                                      
            006002
 301024 003 005002                                                                                                      
            006002
            007001
 301025 005 005002                                                                                                      
            006002
            004003
            004004
            004005
 301026 008 005001                                                                                                      
            006001
            004003
            004003
            004004
            004004
            004005
            004005
 301031 011 001001                                                                                                      
            001002
            002001
            004001
            004002
            004003
            004004
            004005
            005001
            006001
            007001
 301032 011 001001                                                                                                      
            001002
            002001
            004001
            004002
            004003
            004004
            004005
            005002
            006002
            007001
 301033 009 001005                                                                                                      
            002001
            004001
            004002
            004003
            004004
            004005
            005001
            006001
 301034 009 001005                                                                                                      
            002001
            004001
            004002
            004003
            004004
            004005
            005002
            006002
 301035 011 001005                                                                                                      
            001012
            001013
            002001
            004001
            004002
            004003
            004004
            004005
            005002
            006002
 301036 011 001011                                                                                                      
            001012
            001013
            002001
            004001
            004002
            004003
            004004
            004005
            005002
            006002
 301037 012 001001                                                                                                      
            001002
            002011
            002012
            004001
            004002
            004003
            004004
            004005
            005001
            006001
            007001
 301038 012 001001                                                                                                      
            001002
            002011
            002012
            004001
            004002
            004003
            004004
            004005
            005002
            006002
            007001
 301039 012 001011                                                                                                      
            001012
            001013
            002011
            002012
            004001
            004002
            004003
            004004
            004005
            005002
            006002
 301040 013 001011                                                                                                      
            001012
            001013
            002011
            002012
            004001
            004002
            004003
            004004
            004005
            005002
            006002
            007001
 301041 008 001007                                                                                                      
            002021
            002022
            004001
            004002
            004003
            004004
            004005
 301042 010 001007                                                                                                      
            002021
            002022
            004001
            004002
            004003
            004004
            004005
            005001
            006001
 301043 010 001007                                                                                                      
            002023
            004001
            004002
            004003
            004004
            004005
            004006
            005001
            006001
 301044 010 001007                                                                                                      
            002024
            004001
            004002
            004003
            004004
            004005
            004006
            005001
            006001
 301045 016 004001                                                                                                      
            004002
            004003
            004004
            004005
            201138
            202131
            004006
            201000
            202000
            027031
            028031
            010031
            001041
            001042
            001043
 301047 034 001007                                                                                                      
            025060
            001033
            001034
            001012
            004001
            004002
            004003
            004004
            004005
            201138
            202131
            004006
            201000
            202000
            027031
            028031
            010031
            001041
            001042
            001043
            002021
            004001
            004002
            004003
            004004
            004005
            201138
            202131
            004006
            201000
            202000
            005002
            006002
 301048 014 002104                                                                                                      
            002121
            002113
            002026
            002027
            002111
            002140
            202127
            001013
            202126
            007001
            202000
            025010
            021064
 301049 005 002111                                                                                                      
            002112
            021062
            021063
            021065
 301051 010 001006                                                                                                      
            002061
            004001
            004002
            004003
            004004
            004005
            005001
            006001
            008004
 301055 011 001005                                                                                                      
            002001
            004001
            004002
            004003
            004004
            004005
            005001
            006001
            001012
            001014
 301062 004 102000                                                                                                      
            031001
            001001
            001002
 301065 008 001006 
            001008
            002001
            002002
            002005
            002062
            002070
            002065
 301066 011 004001 
            004002
            004003
            004004
            004005
            004006
            005002
            006002
            007004
            002064
            008004
 301071 005 001007                                                                                                      
            001031
            002020
            002028
            002029
 301072 013 001007                                                                                                      
            001031
            002020
            002028
            002029
            004001
            004002
            004003
            004004
            004005
            004006
            005001
            006001
 302001 004 010004                                                                                                      
            010051
            010061
            010063
 302002 005 010004                                                                                                      
            007004
            010003
            010061
            010063
 302003 009 011011                                                                                                      
            011012
            012004
            012006
            013003
            020001
            020003
            020004
            020005
 302004 007 020010                                                                                                      
            008002
            020011
            020013
            020012
            020012
            020012
 302005 004 008002                                                                                                      
            020011
            020012
            020013
 302006 004 010004                                                                                                      
            010051
            010062
            010063
 302011 020 010004                                                                                                      
            010051
            010061
            010063
            011011
            011012
            012004
            012006
            013003
            020001
            020003
            020004
            020005
            020010
            008002
            020011
            020013
            020012
            020012
            020012
 302012 021 010004                                                                                                      
            007004
            010003
            010061
            010063
            011011
            011012
            012004
            012006
            013003
            020001
            020003
            020004
            020005
            020010
            008002
            020011
            020013
            020012
            020012
            020012
 302013 019 010004                                                                                                      
            010051
            010062
            010063
            011011
            011012
            012004
            012006
            013003
            020001
            020003
            020004
            020005
            104000
            031001
            008002
            020011
            020012
            020013
 302021 003 022001                                                                                                      
            022011
            022021
 302022 003 022002                                                                                                      
            022012
            022022
 302023 003 022003                                                                                                      
            022013
            022023
 302024 007 022002                                                                                                      
            022012
            022022
            103002
            022003
            022013
            022023
 302051 012 010004                                                                                                      
            010051
            007004
            010003
            012004
            012051
            012016
            012017
            013004
            102004
            008051
            008020
 303001 003 007003                                                                                                      
            011001
            011002
 303002 003 007004                                                                                                      
            011001
            011002
 303003 004 007004                                                                                                      
            010003
            012001
            012003
 303004 006 007004                                                                                                      
            010003
            012001
            012003
            011001
            011002
 303011 004 007003                                                                                                      
            008001
            011001
            011002
 303012 004 007004                                                                                                      
            008001
            011001
            011002
 303013 007 007004                                                                                                      
            008001
            010003
            012001
            013003
            011001
            011002
 303014 007 007004                                                                                                      
            008001
            010003
            012001
            012003
            011001
            011002
 303021 004 007004                                                                                                      
            007004
            204007
            031021
 303022 006 007004                                                                                                      
            007004
            204007
            031021
            010003
            204000
 303023 006 007004                                                                                                      
            007004
            204007
            031021
            012001
            204000
 303024 006 007004                                                                                                      
            007004
            204007
            031021
            013016
            204000
 303025 005 002025                                                                                                      
            204007
            031021
            012063
            204000
 303026 006 007004                                                                                                      
            008003
            204007
            031021
            012001
            204000
 303027 005 007004                                                                                                      
            204007
            031021
            010003
            204000
 303031 006 007004                                                                                                      
            008003
            007021
            007022
            008012
            012061
 303032 002 020011                                                                                                      
            020016
 303033 002 020010                                                                                                      
            020016
 303041 008 002152                                                                                                      
            002023
            007004
            011001
            011002
            002153
            002154
            012071
 304001 005 008003                                                                                                      
            010004
            012001
            011001
            011002
 304002 004 008003                                                                                                      
            010004
            011001
            011002
 304003 002 008003                                                                                                      
            012001
 304004 004 008003                                                                                                      
            010004
            020010
            012001
 304005 004 002024                                                                                                      
            007004
            007004
            013003
 304006 003 014001                                                                                                      
            014001
            014003
 304011 027 002163                                                                                                      
            002164
            008012
            007024
            002057
            008021
            004001
            004002
            004003
            004004
            008021
            004024
            110004
            008021
            004004
            004005
            004006
            008021
            004004
            004005
            004006
            011001
            011002
            103010
            002163
            007004
            012001
 304030 003 027031                                                                                                      
            028031
            010031
 304031 003 001041                                                                                                      
            001042
            001043
 304032 005 002153                                                                                                      
            002154
            020081
            020082
            020012
 304033 008 002152                                                                                                      
            002166
            002167
            002153
            002154
            012075
            012076
            012063
 306001 005 002032                                                                                                      
            102000
            031001
            007062
            022042
 306002 003 002031                                                                                                      
            022004
            022031
 306003 004 002002                                                                                                      
            011011
            011012
            012004
 306004 007 002032                                                                                                      
            002033
            103000
            031001
            007062
            022043
            022062
 306005 006 002031                                                                                                      
            103000
            031001
            007062
            022004
            022031
 306006 008 002002                                                                                                      
            011011
            011012
            012004
            002031
            022004
            022031
            022063
 306007 008 001012                                                                                                      
            001014
            002034
            002035
            002036
            004024
            027003
            028003
 306008 003 002034                                                                                                      
            002035
            002036
 306020 014 001075                                                                                                      
            004001
            004002
            004003
            004004
            004005
            022042
            022120
            022121
            004025
            004015
            102006
            022038
            022039
 306021 012 001075                                                                                                      
            004001
            004002
            004003
            004004
            004005
            022122
            022123
            012001
            007004
            011001
            011002
 306022 008 001075                                                                                                      
            004001
            004002
            004003
            004004
            004005
            022038
            022039
 306023 012 001015                                                                                                      
            005002
            006002
            004001
            004002
            004003
            004004
            004005
            022038
            022039
            022120
            022121
 306024 011 001075                                                                                                      
            004001
            004002
            004003
            004004
            004005
            022042
            022120
            022121
            004025
            004015
 307001 031 001001                                                                                                      
            001002
            002001
            004001
            004002
            004003
            004004
            004005
            005001
            006001
            007001
            010004
            010051
            010061
            010063
            011011
            011012
            012004
            012006
            013003
            020001
            020003
            020004
            020005
            020010
            008002
            020011
            020013
            020012
            020012
            020012
 307002 031 001001                                                                                                      
            001002
            002001
            004001
            004002
            004003
            004004
            004005
            005002
            006002
            007001
            010004
            010051
            010061
            010063
            011011
            011012
            012004
            012006
            013003
            020001
            020003
            020004
            020005
            020010
            008002
            020011
            020013
            020012
            020012
            020012
 307003 037 001001                                                                                                      
            001002
            002001
            004001
            004002
            004003
            004004
            004005
            005001
            006001
            007001
            010004
            010051
            010061
            010063
            011011
            011012
            012004
            012006
            013003
            020001
            020003
            020004
            020005
            020010
            008002
            020011
            020013
            020012
            020012
            020012
            104000
            031001
            008002
            020011
            020012
            020013
 307004 037 001001                                                                                                      
            001002
            002001
            004001
            004002
            004003
            004004
            004005
            005002
            006002
            007001
            010004
            010051
            010061
            010063
            011011
            011012
            012004
            012006
            013003
            020001
            020003
            020004
            020005
            020010
            008002
            020011
            020013
            020012
            020012
            020012
            104000
            031001
            008002
            020011
            020012
            020013
 307005 036 001001                                                                                                      
            001002
            002001
            004001
            004002
            004003
            004004
            004005
            005001
            006001
            007001
            010004
            010051
            010061
            010063
            011011
            011012
            012004
            012006
            013003
            020001
            020003
            020004
            020005
            020010
            008002
            020011
            020013
            020012
            020012
            020012
            104004
            008002
            020011
            020012
            020013
 307006 036 001001                                                                                                      
            001002
            002001
            004001
            004002
            004003
            004004
            004005
            005002
            006002
            007001
            010004
            010051
            010061
            010063
            011011
            011012
            012004
            012006
            013003
            020001
            020003
            020004
            020005
            020010
            008002
            020011
            020013
            020012
            020012
            020012
            104004
            008002
            020011
            020012
            020013
 307007 032 001001                                                                                                      
            001002
            002001
            004001
            004002
            004003
            004004
            004005
            005001
            006001
            007001
            010004
            007004
            010003
            010061
            010063
            011011
            011012
            012004
            012006
            013003
            020001
            020003
            020004
            020005
            020010
            008002
            020011
            020013
            020012
            020012
            020012
 307008 032 001001                                                                                                      
            001002
            002001
            004001
            004002
            004003
            004004
            004005
            005002
            006002
            007001
            010004
            007004
            010003
            010061
            010063
            011011
            011012
            012004
            012006
            013003
            020001
            020003
            020004
            020005
            020010
            008002
            020011
            020013
            020012
            020012
            020012
 307009 030 001001                                                                                                      
            001002
            002001
            004001
            004002
            004003
            004004
            004005
            005001
            006001
            007001
            010004
            010051
            010062
            010063
            011011
            011012
            012004
            012006
            013003
            020001
            020003
            020004
            020005
            104000
            031001
            008002
            020011
            020012
            020013
 307011 021 001063                                                                                                      
            002001
            004001
            004002
            004003
            004004
            004005
            005002
            006002
            007001
            007006
            011001
            011016
            011017
            011002
            011041
            007006
            012001
            012003
            010052
            020009
 307012 005 103000                                                                                                      
            031001
            008023
            005021
            020001
 307013 008 106000                                                                                                      
            031001
            001064
            008014
            020061
            008014
            020061
            020018
 307014 003 101000                                                                                                      
            031001
            020019
 307015 011 104000                                                                                                      
            031001
            008002
            020011
            020012
            020013
            008002
            020011
            020012
            020013
            020002
 307016 003 101000                                                                                                      
            031001
            020020
 307017 003 101000                                                                                                      
            031001
            020020
 307018 019 008016                                                                                                      
            103000
            031001
            008017
            004004
            004005
            104000
            031001
            007006
            011001
            011002
            011041
            020009
            101000
            031001
            020001
            101000
            031001
            020019
 307020 027 001063                                                                                                      
            002001
            004001
            004002
            004003
            004004
            004005
            005002
            006002
            007001
            007006
            011001
            011016
            011017
            011002
            011041
            007006
            012001
            012003
            010052
            020009
            101000
            031001
            020019
            101000
            031001
            020020
 307021 084 001063                                                                                                      
            002001
            004001
            004002
            004003
            004004
            004005
            005002
            006002
            007001
            007006
            011001
            011016
            011017
            011002
            011041
            007006
            012001
            012003
            010052
            020009
            103000
            031001
            008023
            005021
            020001
            106000
            031001
            001064
            008014
            020061
            008014
            020061
            020018
            101000
            031001
            020019
            109000
            031001
            008002
            020011
            020012
            020013
            008002
            020011
            020012
            020013
            020002
            101000
            031001
            020020
            101000
            031001
            020020
            008016
            103000
            031001
            008017
            004004
            004005
            104000
            031001
            007006
            011001
            011002
            011041
            020009
            101000
            031001
            020001
            101000
            031001
            020019
            104000
            031001
            008002
            020011
            020012
            020013
            008002
            020011
            020012
            020013
            020002
 308001 030 001005                                                                                                      
            002001
            004001
            004002
            004003
            004004
            004005
            005001
            006001
            010004
            010051
            010061
            010063
            011011
            011012
            012004
            012006
            013003
            020001
            020003
            020004
            020005
            020010
            008002
            020011
            020013
            020012
            020012
            020012
            022042
 308002 030 001005                                                                                                      
            002001
            004001
            004002
            004003
            004004
            004005
            005002
            006002
            010004
            010051
            010061
            010063
            011011
            011012
            012004
            012006
            013003
            020001
            020003
            020004
            020005
            020010
            008002
            020011
            020013
            020012
            020012
            020012
            022042
 308003 032 001005                                                                                                      
            001012
            001013
            002001
            004001
            004002
            004003
            004004
            004005
            005002
            006002
            010004
            010051
            010061
            010063
            011011
            011012
            012004
            012006
            013003
            020001
            020003
            020004
            020005
            020010
            008002
            020011
            020013
            020012
            020012
            020012
            022042
 308004 032 001011                                                                                                      
            001012
            001013
            002001
            004001
            004002
            004003
            004004
            004005
            005002
            006002
            010004
            010051
            010061
            010063
            011011
            011012
            012004
            012006
            013003
            020001
            020003
            020004
            020005
            020010
            008002
            020011
            020013
            020012
            020012
            020012
            022042
 308005 039 001011                                                                                                      
            001012
            001013
            002001
            004001
            004002
            004003
            004004
            004005
            005002
            006002
            010004
            010051
            010061
            010063
            011011
            011012
            012004
            012006
            013003
            020001
            020003
            020004
            020005
            020010
            008002
            020011
            020013
            020012
            020012
            020012
            022042
            022002
            022012
            022022
            103002
            022003
            022013
            022023
 308006 008 010004                                                                                                      
            010061
            010063
            011001
            011002
            012004
            013003
            022042
 308007 033 001005                                                                                                      
            002001
            004001
            004002
            004003
            004004
            004005
            005001
            006001
            001012
            001014
            010004
            010051
            010061
            010063
            011011
            011012
            012004
            012006
            013003
            020001
            020003
            020004
            020005
            020010
            008002
            020011
            020013
            020012
            020012
            020012
            007062
            022042
 309001 018 001001                                                                                                      
            001002
            002011
            002012
            004001
            004002
            004003
            004004
            004005
            005001
            006001
            007001
            104000
            031001
            007003
            008001
            011001
            011002
 309002 018 001001                                                                                                      
            001002
            002011
            002012
            004001
            004002
            004003
            004004
            004005
            005002
            006002
            007001
            104000
            031001
            007003
            008001
            011001
            011002
 309003 018 001001                                                                                                      
            001002
            002011
            002012
            004001
            004002
            004003
            004004
            004005
            005001
            006001
            007001
            104000
            031001
            007004
            008001
            011001
            011002
 309004 018 001001                                                                                                      
            001002
            002011
            002012
            004001
            004002
            004003
            004004
            004005
            005002
            006002
            007001
            104000
            031001
            007004
            008001
            011001
            011002
 309005 028 001001                                                                                                      
            001002
            002011
            002012
            004001
            004002
            004003
            004004
            004005
            005001
            006001
            007001
            020010
            008002
            020011
            020013
            020012
            020012
            020012
            107000
            031001
            007004
            008001
            010003
            012001
            013003
            011001
            011002
 309006 028 001001                                                                                                      
            001002
            002011
            002012
            004001
            004002
            004003
            004004
            004005
            005002
            006002
            007001
            020010
            008002
            020011
            020013
            020012
            020012
            020012
            107000
            031001
            007004
            008001
            010003
            012001
            013003
            011001
            011002
 309007 028 001001                                                                                                      
            001002
            002011
            002012
            004001
            004002
            004003
            004004
            004005
            005001
            006001
            007001
            020010
            008002
            020011
            020013
            020012
            020012
            020012
            107000
            031001
            007004
            008001
            010003
            012001
            012003
            011001
            011002
 309008 028 001001                                                                                                      
            001002
            002011
            002012
            004001
            004002
            004003
            004004
            004005
            005002
            006002
            007001
            020010
            008002
            020011
            020013
            020012
            020012
            020012
            107000
            031001
            007004
            008001
            010003
            012001
            012003
            011001
            011002
 309011 018 001011                                                                                                      
            001012
            001013
            002011
            002012
            004001
            004002
            004003
            004004
            004005
            005002
            006002
            104000
            031001
            007003
            008001
            011001
            011002
 309012 018 001011                                                                                                      
            001012
            001013
            002011
            002012
            004001
            004002
            004003
            004004
            004005
            005002
            006002
            104000
            031001
            007004
            008001
            011001
            011002
 309013 028 001011                                                                                                      
            001012
            001013
            002011
            002012
            004001
            004002
            004003
            004004
            004005
            005002
            006002
            020010
            008002
            020011
            020013
            020012
            020012
            020012
            107000
            031001
            007004
            008001
            010003
            012001
            013003
            011001
            011002
 309014 028 001011                                                                                                      
            001012
            001013
            002011
            002012
            004001
            004002
            004003
            004004
            004005
            005002
            006002
            020010
            008002
            020011
            020013
            020012
            020012
            020012
            107000
            031001
            007004
            008001
            010003
            012001
            012003
            011001
            011002
 309015 019 001011                                                                                                      
            001012
            001013
            002011
            002012
            004001
            004002
            004003
            004004
            004005
            005002
            006002
            007001
            104000
            031001
            007003
            008001
            011001
            011002
 309016 019 001011                                                                                                      
            001012
            001013
            002011
            002012
            004001
            004002
            004003
            004004
            004005
            005002
            006002
            007001
            104000
            031001
            007004
            008001
            011001
            011002
 309017 029 001011                                                                                                      
            001012
            001013
            002011
            002012
            004001
            004002
            004003
            004004
            004005
            005002
            006002
            007001
            020010
            008002
            020011
            020013
            020012
            020012
            020012
            107000
            031001
            007004
            008001
            010003
            012001
            013003
            011001
            011002
 309018 027 001001                                                                                                      
            001002
            002001
            004001
            004002
            004003
            004004
            004005
            005001
            006001
            007001
            020010
            008002
            020011
            020013
            020012
            020012
            020012
            107000
            031001
            007004
            008001
            010003
            012001
            012003
            011001
            011002
 309019 018 001001                                                                                                      
            001002
            002001
            004001
            004002
            004003
            004004
            004005
            005001
            006001
            007001
            002003
            104000
            031001
            007003
            008001
            011001
            011002
 309020 018 001001                                                                                                      
            001002
            002001
            004001
            004002
            004003
            004004
            004005
            005001
            006001
            007001
            002003
            104000
            031001
            007003
            011003
            011004
            011005
 310001 024 001007                                                                                                      
            002021
            002022
            004001
            004002
            004003
            004004
            004005
            005001
            006001
            007004
            008003
            007021
            007022
            008012
            012061
            020011
            020016
            105026
            002025
            204007
            031021
            012063
            204000
 310002 025 001007                                                                                                      
            002021
            002022
            004001
            004002
            004003
            004004
            004005
            005001
            006001
            007004
            008003
            007021
            007022
            008012
            012061
            020011
            020016
            102009
            007004
            007004
            204007
            031021
            012001
            204000
 310003 025 001007                                                                                                      
            002021
            002022
            004001
            004002
            004003
            004004
            004005
            005001
            006001
            007004
            008003
            007021
            007022
            008012
            012061
            020011
            020016
            102006
            007004
            007004
            204007
            031021
            012001
            204000
 310004 025 001007                                                                                                      
            002021
            002022
            004001
            004002
            004003
            004004
            004005
            005001
            006001
            007004
            008003
            007021
            007022
            008012
            012061
            020011
            020016
            102003
            007004
            007004
            204007
            031021
            013016
            204000
 310005 025 001007                                                                                                      
            002021
            002022
            004001
            004002
            004003
            004004
            004005
            005001
            006001
            007004
            008003
            007021
            007022
            008012
            012061
            020010
            020016
            105000
            031001
            002025
            204007
            031021
            012063
            204000
 310006 026 001007                                                                                                      
            002021
            002022
            004001
            004002
            004003
            004004
            004005
            005001
            006001
            007004
            008003
            007021
            007022
            008012
            012061
            020010
            020016
            102000
            031001
            007004
            007004
            204007
            031021
            012001
            204000
 310007 026 001007                                                                                                      
            002021
            002022
            004001
            004002
            004003
            004004
            004005
            005001
            006001
            007004
            008003
            007021
            007022
            008012
            012061
            020010
            020016
            102000
            031001
            007004
            007004
            204007
            031021
            013016
            204000
 310008 061 008070                                                                                                      
            001033
            001034
            008070
            001033
            001034
            001007
            002048
            005040
            025075
            201133
            005041
            201000
            005043
            025070
            033030
            033031
            004001
            004002
            004003
            004004
            004005
            202131
            201138
            004006
            201000
            202000
            005001
            006001
            202126
            007001
            202000
            007024
            005021
            007025
            005022
            033033
            002151
            012064
            002151
            012064
            002151
            012064
            002151
            012064
            110019
            002150
            025076
            025077
            025078
            033032
            201132
            202129
            012063
            202000
            201000
            002150
            025079
            025080
            033032
            014045
 310009 056 008070                                                                                                      
            001033
            001034
            008070
            001033
            001034
            001007
            002048
            005040
            025075
            201133
            005041
            201000
            005043
            025070
            033030
            033031
            004001
            004002
            004003
            004004
            004005
            202131
            201138
            004006
            201000
            202000
            005001
            006001
            202126
            007001
            202000
            007024
            005021
            007025
            005022
            033033
            002151
            012064
            002151
            012064
            002151
            012064
            002151
            012064
            110015
            002150
            025076
            025077
            025078
            033032
            201132
            202129
            012063
            202000
            201000
 310010 056 008070                                                                                                      
            001033
            001034
            008070
            001033
            001034
            001007
            002048
            005040
            025075
            201133
            005041
            201000
            005043
            025070
            033030
            033031
            004001
            004002
            004003
            004004
            004005
            202131
            201138
            004006
            201000
            202000
            005001
            006001
            202126
            007001
            202000
            007024
            005021
            007025
            005022
            033033
            002151
            012064
            002151
            012064
            002151
            012064
            002151
            012064
            110005
            002150
            025076
            025077
            025078
            033032
            201132
            202129
            012063
            202000
            201000
 310011 045 008070                                                                                                      
            001033
            001034
            008070
            001033
            001034
            001007
            002048
            005040
            025075
            201133
            005041
            201000
            005043
            025070
            033030
            033031
            004001
            004002
            004003
            004004
            004005
            202131
            201138
            004006
            201000
            202000
            005001
            006001
            202126
            007001
            202000
            007024
            005021
            007025
            005022
            033033
            002151
            012064
            002151
            012064
            002151
            012064
            002151
            012064
 310012 010 002150                                                                                                      
            025076
            025077
            025078
            033032
            201132
            202129
            012063
            202000
            201000
 310014 048 001007                                                                                                      
            001031
            002020
            002028
            002029
            004001
            004002
            004003
            004004
            004005
            004006
            005001
            006001
            002152
            002023
            007004
            011001
            011002
            002153
            002154
            012071
            002163
            002164
            008012
            007024
            002057
            008021
            004001
            004002
            004003
            004004
            008021
            004024
            110004
            008021
            004004
            004005
            004006
            008021
            004004
            004005
            004006
            011001
            011002
            103010
            002163
            007004
            012001
 310015 043 001007                                                                                                      
            001031
            002020
            002028
            002029
            004001
            004002
            004003
            004004
            004005
            004006
            005001
            006001
            007024
            010002
            002152
            002023
            007004
            011001
            011002
            002153
            002154
            012071
            105003
            002153
            002154
            020081
            020082
            020012
            002152
            002024
            007004
            007004
            013003
            108003
            002152
            002166
            002167
            002153
            002154
            012075
            012076
            012063
 310016 043 001007                                                                                                      
            001031
            002020
            002028
            002029
            004001
            004002
            004003
            004004
            004005
            004006
            005001
            006001
            007024
            010002
            002152
            002023
            007004
            011001
            011002
            002153
            002154
            012071
            105012
            002153
            002154
            020081
            020082
            020012
            002152
            002024
            007004
            007004
            013003
            108012
            002152
            002166
            002167
            002153
            002154
            012075
            012076
            012063
 310023 040 001007                                                                                                      
            001031
            002020
            002028
            002029
            004001
            004002
            004003
            004004
            004005
            004006
            005001
            006001
            030021
            030022
            008012
            007024
            007025
            010002
            105012
            002153
            002154
            020081
            020082
            020012
            105002
            002152
            002024
            007004
            007004
            013003
            108012
            002152
            002166
            002167
            002153
            002154
            012075
            012076
            012063
 310024 040 001007                                                                                                      
            001031
            002020
            002028
            002029
            004001
            004002
            004003
            004004
            004005
            004006
            005001
            006001
            030021
            030022
            008012
            007024
            007025
            010002
            105003
            002153
            002154
            020081
            020082
            020012
            105002
            002152
            002024
            007004
            007004
            013003
            108003
            002152
            002166
            002167
            002153
            002154
            012075
            012076
            012063
 311001 018 001006                                                                                                      
            002061
            004001
            004002
            004003
            004004
            004005
            005001
            006001
            008004
            007002
            012001
            011001
            011002
            011031
            011032
            011033
            020041
 311002 042 001006 
            001008
            002001
            002002
            002005
            002062
            002070
            002065
            004001
            004002
            004003
            004004
            004005
            004006
            005002
            006002
            007004
            002064
            008004
            010070
            011001
            011002
            012001
            013002
            103000
            031000
            011034
            103000
            031000
            011035
            103000
            031000
            011075
            103000
            031000
            011076
            103000
            031000
            033025
            103000
            031000
            033026
 311003 005 010070 
            011001
            011002
            012001
            013002
 311004 018 101000 
            031000
            011034
            101000
            031000
            011035
            101000
            031000
            011075
            101000
            031000
            011076
            101000
            031000
            033025
            101000
            031000
            033026
 312001 015 001007                                                                                                      
            002023
            004001
            004002
            004003
            004004
            004005
            004006
            005001
            006001
            008003
            010004
            012001
            011001
            011002
 312002 014 001007                                                                                                      
            002023
            004001
            004002
            004003
            004004
            004005
            004006
            005001
            006001
            008003
            010004
            011001
            011002
 312003 012 001007                                                                                                      
            002021
            002022
            004001
            004002
            004003
            004004
            004005
            005001
            006001
            008003
            012001
 312004 014 001007                                                                                                      
            002021
            002022
            004001
            004002
            004003
            004004
            004005
            005001
            006001
            008003
            010004
            020010
            012001
 312005 011 001007                                                                                                      
            002021
            002022
            004001
            004002
            004003
            004004
            004005
            005001
            006001
            020014
 312006 014 001007                                                                                                      
            002024
            004001
            004002
            004003
            004004
            004005
            004006
            005001
            006001
            002024
            007004
            007004
            013003
 312007 013 001007                                                                                                      
            002021
            002022
            004001
            004002
            004003
            004004
            004005
            005001
            006001
            014001
            014001
            014003
 312010 006 001007                                                                                                      
            005040
            002021
            005041
            004001
            004043
 312011 009 202131                                                                                                      
            201149
            004006
            201000
            202126
            010002
            202000
            005043
            005053
 312012 006 202129                                                                                                      
            201132
            101019
            012063
            201000
            202000
 312013 006 005033                                                                                                      
            202129
            201135
            012063
            201000
            202000
 312014 032 001007                                                                                                      
            005040
            002021
            005041
            004001
            004043
            202131
            201149
            004006
            201000
            202126
            010002
            202000
            005043
            005053
            116056
            005002
            006002
            005042
            005052
            202129
            201132
            101019
            012063
            201000
            202000
            005033
            202129
            201135
            012063
            201000
            202000
 312015 011 110011                                                                                                      
            005002
            006002
            005042
            005052
            202129
            201132
            101004
            012063
            202000
            201000
 312016 026 001007                                                                                                      
            005040
            002021
            005041
            004001
            004043
            202131
            201149
            004006
            201000
            202126
            010002
            202000
            005043
            005053
            110011
            005002
            006002
            005042
            005052
            202129
            201132
            101004
            012063
            202000
            201000
 312017 011 110008                                                                                                      
            005002
            006002
            005042
            005052
            202129
            201132
            101003
            012063
            202000
            201000
 312018 026 001007                                                                                                      
            005040
            002021
            005041
            004001
            004043
            202131
            201149
            004006
            201000
            202126
            010002
            202000
            005043
            005053
            110008
            005002
            006002
            005042
            005052
            202129
            201132
            101003
            012063
            202000
            201000
 312020 057 001007                                                                                                      
            025060
            001033
            001034
            001012
            004001
            004002
            004003
            004004
            004005
            201138
            202131
            004006
            201000
            202000
            027031
            028031
            010031
            001041
            001042
            001043
            002021
            004001
            004002
            004003
            004004
            004005
            201138
            202131
            004006
            201000
            202000
            005002
            006002
            002104
            002121
            002113
            002026
            002027
            002111
            002140
            202127
            001013
            202126
            007001
            202000
            025010
            021064
            015015
            029002
            021076
            104012
            006030
            102012
            005030
            021075
            021066
 312021 043 001007                                                                                                      
            025060
            001033
            001034
            001012
            004001
            004002
            004003
            004004
            004005
            201138
            202131
            004006
            201000
            202000
            027031
            028031
            010031
            001041
            001042
            001043
            002021
            004001
            004002
            004003
            004004
            004005
            201138
            202131
            004006
            201000
            202000
            005002
            006002
            105003
            002111
            002112
            021062
            021063
            021065
            011012
            011011
            021067
 312022 057 001007                                                                                                      
            025060
            001033
            001034
            001012
            004001
            004002
            004003
            004004
            004005
            201138
            202131
            004006
            201000
            202000
            027031
            028031
            010031
            001041
            001042
            001043
            002021
            004001
            004002
            004003
            004004
            004005
            201138
            202131
            004006
            201000
            202000
            005002
            006002
            008022
            011012
            011050
            022070
            022026
            201141
            202130
            007001
            201000
            202000
            010050
            021068
            021071
            021072
            021073
            021077
            021078
            021079
            021080
            021081
            021082
            021062
            015011
 312023 040 001007                                                                                                      
            025060
            001033
            001034
            001012
            004001
            004002
            004003
            004004
            004005
            201138
            202131
            004006
            201000
            202000
            027031
            028031
            010031
            001041
            001042
            001043
            002021
            004001
            004002
            004003
            004004
            004005
            201138
            202131
            004006
            201000
            202000
            005002
            006002
            103003
            008022
            012061
            022050
            021069
            021085
 312024 067 001007 
            025060
            001033
            001034
            001012
            004001
            004002
            004003
            004004
            004005
            201138
            202131
            004006
            201000
            202000
            027031
            028031
            010031
            001041
            001042
            001043
            002021
            004001
            004002
            004003
            004004
            004005
            201138
            202131
            004006
            201000
            202000
            005002
            006002
            002104
            002121
            002113
            002026
            002027
            002111
            002140
            202127
            001013
            202126
            007001
            202000
            025010
            021064
            015015
            029002
            021076
            104012
            006030
            102012
            005030
            021075
            021066
            008060
            008022
            008060
            008022
            025014
            022101
            022097
            022098
            022099
            022100
 312041 005 201141                                                                                                      
            202130
            007001
            201000
            202000
 312042 006 021077                                                                                                      
            021078
            021079
            021080
            021081
            021082
 313009 004 021001                                                                                                      
            101000
            031001
            021001
 313010 004 021036                                                                                                      
            101000
            031001
            021036
 313031 005 006002                                                                                                      
            006012
            101000
            031002
            030001
 313032 009 005002                                                                                                      
            005012
            105000
            031002
            006002
            006012
            101000
            031002
            030001
 313041 013 006002                                                                                                      
            108000
            031001
            104000
            031001
            006012
            101000
            031012
            030001
            006012
            101000
            031001
            030001
 313042 017 005002                                                                                                      
            005012
            106000
            031002
            006002
            108000
            031001
            104000
            031001
            006012
            101000
            031012
            030001
            006012
            101000
            031001
            030001
 313043 029 006002                                                                                                      
            005002
            005012
            105000
            031001
            108000
            031001
            104000
            031001
            006012
            101000
            031011
            030001
            101000
            031001
            030001
            001011
            004001
            004002
            004003
            004004
            004005
            005002
            006002
            002032
            102000
            031001
            007062
            022042
 315002 015 001011                                                                                                      
            004001
            004002
            004003
            004004
            004005
            005002
            006002
            002032
            002033
            103000
            031001
            007062
            022043
            022062
 316001 013 004001                                                                                                      
            004002
            004003
            004004
            005002
            006002
            001021
            002041
            019001
            010051
            019002
            019003
            019004
 316002 015 008021 
            004001
            004002
            004003
            004004
            004005
            001033
            008021
            004001
            004002
            004003
            004004
            004005
            007002
            007002
 316003 012 110000 
            031001
            008011
            008007
            104000
            031001
            005002
            006002
            010002
            011002
            008007
            008011
 316004 013 111000 
            031001
            008011
            008007
            007002
            007002
            102000
            031001
            005002
            006002
            011031
            008007
            008011
 316005 010 108000 
            031001
            008005
            008007
            005002
            006002
            001026
            019001
            008007
            008005
 316006 014 112000 
            031001
            008011
            008007
            007002
            007002
            102000
            031001
            005002
            006002
            020011
            020012
            008007
            008011
 316007 012 110000 
            031001
            008011
            008007
            104000
            031001
            005002
            006002
            019005
            019006
            008007
            008011
 316008 013 111000 
            031001
            008001
            008007
            008023
            103000
            031001
            005002
            006002
            010002
            008023
            008007
            008001
 316009 013 111000 
            031001
            008011
            008007
            007002
            007002
            102000
            031001
            005002
            006002
            020041
            008007
            008011
 316010 009 107000 
            031001
            008011
            008007
            001022
            005002
            006002
            008007
            008011
 316011 019 116000 
            031001
            008011
            001022
            008007
            102000
            031001
            005002
            006002
            008021
            004001
            004002
            004003
            004004
            004005
            020090
            008021
            008007
            008011
 318001 006 005002                                                                                                      
            006002
            004003
            004004
            004005
            024011
 318003 011 005001                                                                                                      
            006001
            004003
            004003
            004004
            004004
            004005
            004005
            024005
            024004
            024021
 318004 010 005002                                                                                                      
            006002
            004003
            004004
            004005
            004023
            013011
            024005
            024004
            024022
 321001 006 002101                                                                                                      
            002114
            002105
            002106
            002107
            002121
 321003 004 021051                                                                                                      
            021014
            021017
            025030
 321004 018 001001                                                                                                      
            001002
            002001
            004001
            004002
            004003
            004004
            004005
            005001
            006001
            007001
            002003
            104000
            031001
            021051
            021014
            021017
            025030
 321005 012 025004                                                                                                      
            002121
            002122
            002123
            002124
            002125
            002126
            002127
            002128
            002129
            002130
            002131
 321006 004 025001                                                                                                      
            025002
            025003
            025005
 321007 008 025009                                                                                                      
            025010
            025011
            025012
            025013
            025015
            025016
            025017
 321008 003 025006                                                                                                      
            025007
            025008
 321009 002 025018                                                                                                      
            025019
 321010 013 002101                                                                                                      
            007002
            002102
            002103
            002104
            002105
            002106
            002107
            002108
            002109
            002110
            002132
            002133
 321011 003 030031                                                                                                      
            030032
            029002
 321012 003 101000                                                                                                      
            031001
            002135
 363225 037 301011 DESCRITOR LOCAL ATOVS-NESDIS
            301013
            001007
            005040
            005040
            025071
            301023
            005043
            013038
            008012
            013039
            008013
            025045
            025048
            025049
            002022
            007022
            007024
            013016
            015001
            020011
            008003
            010004
            022043
            012061
            007001
            008003
            007004
            012001
            008003
            102035
            005042
            012063
            103040
            007004
            012001
            013002