 300002 002 000002 
            000003
 300003 003 000010 
            000011
            000012
 300004 011 000010 
            000011
            000012
            000013
            000014
            000015
            000016
            000017
            000018
            000019
            000020
 300010 006 000010 
            000011
            000012
            101000
            031001
            000030
 301001 002 001001 
            001002
 301002 003 001003 
            001004
            001005
 301003 003 001011 
            001012
            001013
 301011 003 004001 
            004002
            004003
 301012 002 004004 
            004005
 301013 003 004004 
            004005
            004006
 301021 002 005001 
            006001
 301022 003 005001 
            006001
            007001
 301023 002 005002 
            006002
 301024 003 005002 
            006002
            007001
 301025 005 005002 
            006002
            004003
            004004
            004005
 301026 008 005001 
            006001
            004003
            004003
            004004
            004004
            004005
            004005
 301031 011 001001 
            001002
            002001
            004001
            004002
            004003
            004004
            004005
            005001
            006001
            007001
 301032 011 001001 
            001002
            002001
            004001
            004002
            004003
            004004
            004005
            005002
            006002
            007001
 301033 009 001005 
            002001
            004001
            004002
            004003
            004004
            004005
            005001
            006001
 301034 009 001005 
            002001
            004001
            004002
            004003
            004004
            004005
            005002
            006002
 301035 011 001005 
            001012
            001013
            002001
            004001
            004002
            004003
            004004
            004005
            005002
            006002
 301036 011 001011 
            001012
            001013
            002001
            004001
            004002
            004003
            004004
            004005
            005002
            006002
 301037 012 001001 
            001002
            002011
            002012
            004001
            004002
            004003
            004004
            004005
            005001
            006001
            007001
 301038 012 001001 
            001002
            002001
            002012
            004001
            004002
            004003
            004004
            004005
            005002
            006002
            007001
 301039 012 001011 
            001012
            001013
            002011
            002012
            004001
            004002
            004003
            004004
            004005
            005002
            006002
 301040 013 001011 
            001012
            001013
            002011
            002012
            004001
            004002
            004003
            004004
            004005
            005002
            006002
            007001
 301041 008 001007 
            002021
            002022
            004001
            004002
            004003
            004004
            004005
 301042 010 001007 
            002021
            002022
            004001
            004002
            004003
            004004
            004005
            005001
            006001
 301043 010 001007 
            002023
            004001
            004002
            004003
            004004
            004005
            004006
            005001
            006001
 301044 010 001007 
            002024
            004001
            004002
            004003
            004004
            004005
            004006
            005001
            006001
 301051 010 001006 
            002061
            004001
            004002
            004003
            004004
            004005
            005001
            006001
            008004
 301194 013 001194 
            001012
            001013
            002011
            002012
            004001
            004002
            004003
            004004
            004005
            005002
            006002
            007001
 301195 013 001195 
            001012
            001013
            002011
            002012
            004001
            004002
            004003
            004004
            004005
            005002
            006002
            007001
 301196 013 001011 
            001012
            001013
            002011
            002012
            004001
            004002
            004003
            004004
            004005
            005002
            006002
            007001
 301200 002 001032 
            033194
 301201 002 101003 
            033193
 301202 002 001031 
            001032
 301237 015 001007 
            001012
            002021
            004001
            004002
            004003
            004004
            004005
            201138
            202131
            004006
            201000
            202000
            005002
            006002
 301238 014 002104 
            002121
            002113
            002026
            002027
            002111
            002192
            202127
            001013
            202126
            007001
            202000
            025010
            021194
 301239 005 002111 
            002112
            021192
            021193
            021195
 301240 005 201131 
            202129
            022021
            201000
            202000
 301241 005 201141 
            202130
            007001
            201000
            202000
 301242 006 021207 
            021208
            021209
            021210
            021211
            021212
 302001 004 010004 
            010051
            010061
            010063
 302002 005 010004 
            007004
            010003
            010061
            010063
 302003 009 011011 
            011012
            012004
            012006
            013003
            020001
            020003
            020004
            020005
 302004 007 020010 
            008002
            020011
            020013
            020012
            020012
            020012
 302005 004 008002 
            020011
            020012
            020013
 302011 020 010004 
            010051
            010061
            010063
            011011
            011012
            012004
            012006
            013003
            020001
            020003
            020004
            020005
            020010
            008002
            020011
            020013
            020012
            020012
            020012
 302012 021 010004 
            007004
            010003
            010061
            010063
            011011
            011012
            012004
            012006
            013003
            020001
            020003
            020004
            020005
            020010
            008002
            020011
            020013
            020012
            020012
            020012
 302021 003 022001 
            022011
            022021
 302022 003 022002 
            022012
            022022
 302023 003 022003 
            022013
            022023
 302024 009 022002 
            022012
            022022
            022003
            022013
            022023
            022003
            022013
            022023
 302025 006 011011 
            011012
            012004
            012006
            020001
            020003
 302205 005 201131 
            202129
            022021
            201000
            202000
 302206 013 201131 
            202129
            022021
            201000
            202000
            201130
            202129
            022011
            201000
            202000
            022001
            011001
            011002
 303001 003 007003 
            011001
            011002
 303002 003 007004 
            011001
            011002
 303003 004 007004 
            010003
            012001
            012003
 303004 006 007004 
            010003
            012001
            012003
            011001
            011002
 303011 004 007003 
            008001
            011001
            011002
 303012 004 007004 
            008001
            011001
            011002
 303013 007 007004 
            008001
            010003
            012001
            013003
            011001
            011002
 303014 007 007004 
            008001
            010003
            012001
            012003
            011001
            011002
 303021 004 007004 
            007004
            204007
            031021
 303022 006 007004 
            007004
            204007
            031021
            010003
            204000
 303023 006 007004 
            007004
            204007
            031021
            012001
            204000
 303024 006 007004 
            007004
            204007
            031021
            013016
            204000
 303025 005 002025 
            204007
            031021
            012063
            204000
 303026 006 007004 
            008003
            204007
            031021
            012001
            204000
 303027 005 007004 
            204007
            031021
            010003
            204000
 303031 006 007004 
            008003
            007021
            007022
            008012
            012061
 303032 002 020011 
            020016
 304001 005 008003 
            010004
            012001
            011001
            011002
 304002 004 008003 
            010004
            011001
            011002
 304003 002 008003 
            012001
 304004 004 008003 
            010004
            020010
            012001
 304005 004 002024 
            007004
            007004
            013003
 304006 003 014001 
            014001
            014003
 304228 003 005217 
            006217
            007217
 304229 003 001208 
            001209
            001210
 306001 005 002032 
            102000
            031001
            007062
            022042
 306002 003 002031 
            022004
            022031
 306003 004 002002 
            011011
            011012
            012004
 306004 007 002032 
            002033
            103000
            031001
            007062
            022043
            022062
 306005 006 002031 
            103000
            031001
            007062
            022004
            022031
 306006 008 002002 
            011011
            011012
            012004
            002031
            022004
            022031
            022063
 306007 008 001012 
            001014
            002034
            002035
            002036
            004024
            027003
            028003
 306008 003 002034 
            002035
            002036
 307001 031 001001 
            001002
            002001
            004001
            004002
            004003
            004004
            004005
            005001
            006001
            007001
            010004
            010051
            010061
            010063
            011011
            011012
            012004
            012006
            013003
            020001
            020003
            020004
            020005
            020010
            008002
            020011
            020013
            020012
            020012
            020012
 307002 031 001001 
            001002
            002001
            004001
            004002
            004003
            004004
            004005
            005002
            006002
            007001
            010004
            010051
            010061
            010063
            011011
            011012
            012004
            012006
            013003
            020001
            020003
            020004
            020005
            020010
            008002
            020011
            020013
            020012
            020012
            020012
 307003 037 001001 
            001002
            002001
            004001
            004002
            004003
            004004
            004005
            005001
            006001
            007001
            010004
            010051
            010061
            010063
            011011
            011012
            012004
            012006
            013003
            020001
            020003
            020004
            020005
            020010
            008002
            020011
            020013
            020012
            020012
            020012
            104000
            031001
            008002
            020011
            020012
            020013
 307004 037 001001 
            001002
            002001
            004001
            004002
            004003
            004004
            004005
            005002
            006002
            007001
            010004
            010051
            010061
            010063
            011011
            011012
            012004
            012006
            013003
            020001
            020003
            020004
            020005
            020010
            008002
            020011
            020013
            020012
            020012
            020012
            104000
            031001
            008002
            020011
            020012
            020013
 307005 036 001001 
            001002
            002001
            004001
            004002
            004003
            004004
            004005
            005001
            006001
            007001
            010004
            010051
            010061
            010063
            011011
            011012
            012004
            012006
            013003
            020001
            020003
            020004
            020005
            020010
            008002
            020011
            020013
            020012
            020012
            020012
            104004
            008002
            020011
            020012
            020013
 307006 036 001001 
            001002
            002001
            004001
            004002
            004003
            004004
            004005
            005002
            006002
            007001
            010004
            010051
            010061
            010063
            011011
            011012
            012004
            012006
            013003
            020001
            020003
            020004
            020005
            020010
            008002
            020011
            020013
            020012
            020012
            020012
            104004
            008002
            020011
            020012
            020013
 307007 032 001001 
            001002
            002001
            004001
            004002
            004003
            004004
            004005
            005001
            006001
            007001
            010004
            007004
            010003
            010061
            010063
            011011
            011012
            012004
            012006
            013003
            020001
            020003
            020004
            020005
            020010
            008002
            020011
            020013
            020012
            020012
            020012
 307008 032 001001 
            001002
            002001
            004001
            004002
            004003
            004004
            004005
            005002
            006002
            007001
            010004
            007004
            010003
            010061
            010063
            011011
            011012
            012004
            012006
            013003
            020001
            020003
            020004
            020005
            020010
            008002
            020011
            020013
            020012
            020012
            020012
 307009 023 001001 
            001002
            002001
            004001
            004002
            004003
            004004
            004005
            005002
            006002
            007001
            010051
            011011
            011012
            012004
            012006
            020001
            020003
            020010
            008002
            020011
            020012
            020013
 308001 030 001005 
            002001
            004001
            004002
            004003
            004004
            004005
            005001
            006001
            010004
            010051
            010061
            010063
            011011
            011012
            012004
            012006
            013003
            020001
            020003
            020004
            020005
            020010
            008002
            020011
            020013
            020012
            020012
            020012
            022042
 308002 030 001005 
            002001
            004001
            004002
            004003
            004004
            004005
            005002
            006002
            010004
            010051
            010061
            010063
            011011
            011012
            012004
            012006
            013003
            020001
            020003
            020004
            020005
            020010
            008002
            020011
            020013
            020012
            020012
            020012
            022042
 308003 032 001005 
            001012
            001013
            002001
            004001
            004002
            004003
            004004
            004005
            005002
            006002
            010004
            010051
            010061
            010063
            011011
            011012
            012004
            012006
            013003
            020001
            020003
            020004
            020005
            020010
            008002
            020011
            020013
            020012
            020012
            020012
            022042
 308004 032 001011 
            001012
            001013
            002001
            004001
            004002
            004003
            004004
            004005
            005002
            006002
            010004
            010051
            010061
            010063
            011011
            011012
            012004
            012006
            013003
            020001
            020003
            020004
            020005
            020010
            008002
            020011
            020013
            020012
            020012
            020012
            022042
 308005 041 001011 
            001012
            001013
            002001
            004001
            004002
            004003
            004004
            004005
            005002
            006002
            010004
            010051
            010061
            010063
            011011
            011012
            012004
            012006
            013003
            020001
            020003
            020004
            020005
            020010
            008002
            020011
            020013
            020012
            020012
            020012
            022042
            022002
            022012
            022022
            022003
            022013
            022023
            022003
            022013
            022023
 308006 008 010004 
            010061
            010063
            011001
            011002
            012004
            013003
            022042
 309001 018 001001 
            001002
            002011
            002012
            004001
            004002
            004003
            004004
            004005
            005001
            006001
            007001
            104000
            031001
            007003
            008001
            011001
            011002
 309002 018 001001 
            001002
            002001
            002012
            004001
            004002
            004003
            004004
            004005
            005002
            006002
            007001
            104000
            031001
            007003
            008001
            011001
            011002
 309003 018 001001 
            001002
            002011
            002012
            004001
            004002
            004003
            004004
            004005
            005001
            006001
            007001
            104000
            031001
            007004
            008001
            011001
            011002
 309004 018 001001 
            001002
            002001
            002012
            004001
            004002
            004003
            004004
            004005
            005002
            006002
            007001
            104000
            031001
            007004
            008001
            011001
            011002
 309005 028 001001 
            001002
            002011
            002012
            004001
            004002
            004003
            004004
            004005
            005001
            006001
            007001
            020010
            008002
            020011
            020013
            020012
            020012
            020012
            107000
            031001
            007004
            008001
            010003
            012001
            013003
            011001
            011002
 309006 028 001001 
            001002
            002001
            002012
            004001
            004002
            004003
            004004
            004005
            005002
            006002
            007001
            020010
            008002
            020011
            020013
            020012
            020012
            020012
            107000
            031001
            007004
            008001
            010003
            012001
            013003
            011001
            011002
 309007 028 001001 
            001002
            002011
            002012
            004001
            004002
            004003
            004004
            004005
            005001
            006001
            007001
            020010
            008002
            020011
            020013
            020012
            020012
            020012
            107000
            031001
            007004
            008001
            010003
            012001
            012003
            011001
            011002
 309008 028 001001 
            001002
            002001
            002012
            004001
            004002
            004003
            004004
            004005
            005002
            006002
            007001
            020010
            008002
            020011
            020013
            020012
            020012
            020012
            107000
            031001
            007004
            008001
            010003
            012001
            012003
            011001
            011002
 309011 018 001011 
            001012
            001013
            002011
            002012
            004001
            004002
            004003
            004004
            004005
            005002
            006002
            104000
            031001
            007003
            008001
            011001
            011002
 309012 018 001011 
            001012
            001013
            002011
            002012
            004001
            004002
            004003
            004004
            004005
            005002
            006002
            104000
            031001
            007004
            008001
            011001
            011002
 309013 028 001011 
            001012
            001013
            002011
            002012
            004001
            004002
            004003
            004004
            004005
            005002
            006002
            020010
            008002
            020011
            020013
            020012
            020012
            020012
            107000
            031001
            007004
            008001
            010003
            012001
            013003
            011001
            011002
 309014 028 001011 
            001012
            001013
            002011
            002012
            004001
            004002
            004003
            004004
            004005
            005002
            006002
            020010
            008002
            020011
            020013
            020012
            020012
            020012
            107000
            031001
            007004
            008001
            010003
            012001
            012003
            011001
            011002
 309015 019 001011 
            001012
            001013
            002011
            002012
            004001
            004002
            004003
            004004
            004005
            005002
            006002
            007001
            104000
            031001
            007003
            008001
            011001
            011002
 309016 019 001011 
            001012
            001013
            002011
            002012
            004001
            004002
            004003
            004004
            004005
            005002
            006002
            007001
            104000
            031001
            007004
            008001
            011001
            011002
 309017 029 001011 
            001012
            001013
            002011
            002012
            004001
            004002
            004003
            004004
            004005
            005002
            006002
            007001
            020010
            008002
            020011
            020013
            020012
            020012
            020012
            107000
            031001
            007004
            008001
            010003
            012001
            013003
            011001
            011002
 309018 018 001001 
            001002
            002001
            004001
            004002
            004003
            004004
            004005
            005001
            006001
            007001
            002003
            104000
            031001
            007003
            008001
            011001
            011002
 309019 018 001001 
            001002
            002001
            004001
            004002
            004003
            004004
            004005
            005001
            006001
            007001
            002003
            104000
            031001
            007003
            011003
            011004
            011005
 309194 029 001194 
            001012
            001013
            002011
            002012
            004001
            004002
            004003
            004004
            004005
            005002
            006002
            007001
            020010
            008002
            020011
            020013
            020012
            020012
            020012
            107000
            031001
            007004
            008001
            010003
            012001
            012003
            011001
            011002
 309195 029 001195 
            001012
            001013
            002011
            002012
            004001
            004002
            004003
            004004
            004005
            005002
            006002
            007001
            020010
            008002
            020011
            020013
            020012
            020012
            020012
            107000
            031001
            007004
            008001
            010003
            012001
            012003
            011001
            011002
 309196 029 001011 
            001012
            001013
            002011
            002012
            004001
            004002
            004003
            004004
            004005
            005002
            006002
            007001
            020010
            008002
            020011
            020013
            020012
            020012
            020012
            107000
            031001
            007004
            008001
            010003
            012001
            012003
            011001
            011002
 310001 024 001007 
            002021
            002022
            004001
            004002
            004003
            004004
            004005
            005001
            006001
            007004
            008003
            007021
            007022
            008012
            012061
            020011
            020016
            105026
            002025
            204007
            031021
            012063
            204000
 310002 025 001007 
            002021
            002022
            004001
            004002
            004003
            004004
            004005
            005001
            006001
            007004
            008003
            007021
            007022
            008012
            012061
            020011
            020016
            102009
            007004
            007004
            204007
            031021
            012001
            204000
 310003 025 001007 
            002021
            002022
            004001
            004002
            004003
            004004
            004005
            005001
            006001
            007004
            008003
            007021
            007022
            008012
            012061
            020011
            020016
            102006
            007004
            007004
            204007
            031021
            012001
            204000
 310004 025 001007 
            002021
            002022
            004001
            004002
            004003
            004004
            004005
            005001
            006001
            007004
            008003
            007021
            007022
            008012
            012061
            020011
            020016
            102003
            007004
            007004
            204007
            031021
            013016
            204000
 311001 018 001006 
            002061
            004001
            004002
            004003
            004004
            004005
            005001
            006001
            008004
            007002
            012001
            011001
            011002
            011031
            011032
            011033
            020041
 312001 015 001007 
            002023
            004001
            004002
            004003
            004004
            004005
            004006
            005001
            006001
            008003
            010004
            012001
            011001
            011002
 312002 014 001007 
            002023
            004001
            004002
            004003
            004004
            004005
            004006
            005001
            006001
            008003
            010004
            011001
            011002
 312003 012 001007 
            002021
            002022
            004001
            004002
            004003
            004004
            004005
            005001
            006001
            008003
            012001
 312004 014 001007 
            002021
            002022
            004001
            004002
            004003
            004004
            004005
            005001
            006001
            008003
            010004
            020010
            012001
 312005 011 001007 
            002021
            002022
            004001
            004002
            004003
            004004
            004005
            005001
            006001
            020014
 312006 014 001007 
            002024
            004001
            004002
            004003
            004004
            004005
            004006
            005001
            006001
            002024
            007004
            007004
            013003
 312007 013 001007 
            002021
            002022
            004001
            004002
            004003
            004004
            004005
            005001
            006001
            014001
            014001
            014003
 312010 006 001007 
            005040
            002021
            005041
            004001
            004043
 312011 009 202131 
            201149
            004006
            201000
            102032
            010002
            202000
            005043
            005053
 312012 006 202129 
            201132
            101019
            012063
            201000
            202000
 312013 006 005033 
            202129
            201135
            012063
            201000
            202000
 312014 032 001007 
            005040
            002021
            005041
            004001
            004043
            202131
            201149
            004006
            201000
            102032
            010002
            202000
            005043
            005053
            116056
            005002
            006002
            005042
            005052
            202129
            201132
            101019
            012063
            201000
            202000
            005033
            202129
            201135
            012063
            201000
            202000
 312015 011 110011 
            005002
            006002
            005042
            005052
            202129
            201132
            101004
            012063
            202000
            201000
 312016 026 001007 
            005040
            002021
            005041
            004001
            004043
            202131
            201149
            004006
            201000
            102032
            010002
            202000
            005043
            005053
            110011
            005002
            006002
            005042
            005052
            202129
            201132
            101004
            012063
            202000
            201000
 312017 011 110008 
            005002
            006002
            005042
            005052
            202129
            201132
            101003
            012063
            202000
            201000
 312018 026 001007 
            005040
            002021
            005041
            004001
            004043
            202131
            201149
            004006
            201000
            102032
            010002
            202000
            005043
            005053
            110008
            005002
            006002
            005042
            005052
            202129
            201132
            101003
            012063
            202000
            201000
 312200 037 001007  UWA PRODUCT
            001012
            002021
            004001
            004002
            004003
            004004
            004005
            201138
            202131
            004006
            201000
            202000
            005002
            006002
            002104
            002121
            002113
            002026
            002027
            002111
            002192
            202127
            001013
            202126
            007001
            202000
            025010
            021194
            029002
            021206
            104012
            006232
            102012
            005232
            021205
            021196
 312201 024 001007  UWI PRODUCT
            001012
            002021
            004001
            004002
            004003
            004004
            004005
            201138
            202131
            004006
            201000
            202000
            005002
            006002
            105003
            002111
            002112
            021192
            021193
            021195
            011012
            011011
            021197
 312202 040 001007  URA PRODUCT
            001012
            002021
            004001
            004002
            004003
            004004
            004005
            201138
            202131
            004006
            201000
            202000
            005002
            006002
            008022
            011012
            011050
            201131
            202129
            022021
            201000
            202000
            022243
            201141
            202130
            007001
            201000
            202000
            010050
            021198
            021201
            021202
            021203
            021207
            021208
            021209
            021210
            021211
            021212
 312203 022 001007  UAT PRODUCT
            001012
            002021
            004001
            004002
            004003
            004004
            004005
            201138
            202131
            004006
            201000
            202000
            005002
            006002
            008022
            012061
            022050
            021204
            021199
            021214
            021215
 312204 035 001007  MWI PRODUCT
            001012
            002021
            004001
            004002
            004003
            004004
            004005
            201138
            202131
            004006
            201000
            202000
            005002
            006002
            105003
            002111
            002112
            021192
            021193
            021195
            011012
            011011
            021197
            001031
            011012
            011011
            021200
            021213
            004004
            008021
            004024
            055003
            011012
            011011
 312207 043 001007 
            001012
            002021
            004001
            004002
            004003
            004004
            004005
            201138
            202131
            004006
            201000
            202000
            005002
            006002
            008022
            011012
            011050
            201131
            202129
            022021
            201000
            202000
            022243
            201141
            202130
            007001
            201000
            202000
            010050
            021198
            021201
            021202
            021203
            021207
            021208
            021209
            021210
            021211
            021212
            001031
            001032
            033191
 312208 036 001031 
            001032
            008022
            008021
            004001
            004002
            004003
            004004
            004005
            004006
            005002
            006002
            201131
            202129
            022021
            201000
            202000
            011002
            001007
            002021
            004001
            004002
            004003
            004004
            004005
            004006
            005002
            006002
            001032
            001192
            201131
            202129
            022021
            201000
            202000
            011002
 312209 087 001031 
            001032
            001192
            004001
            004002
            004003
            004004
            004005
            004006
            005002
            006002
            201131
            202129
            022021
            201000
            202000
            201130
            202129
            022011
            201000
            202000
            022001
            011001
            011002
            112000
            022192
            110000
            005232
            022191
            001007
            001012
            002021
            004001
            004002
            004003
            004004
            004005
            201138
            202131
            004006
            201000
            202000
            005002
            006002
            008022
            011012
            011050
            201131
            202129
            022021
            201000
            202000
            022243
            201141
            202130
            007001
            201000
            202000
            010050
            021198
            021201
            021202
            021203
            021207
            021208
            021209
            021210
            021211
            021212
            021192
            015202
            004001
            004002
            004003
            004004
            004005
            201138
            202131
            004006
            201000
            202000
            005217
            006217
            007217
            001208
            001209
            001210
 313009 004 021001 
            101000
            031001
            021001
 313010 004 021036 
            101000
            031001
            021036
 313041 010 006002 
            006012
            106000
            031001
            101000
            031011
            030001
            101000
            031001
            030001
 313042 014 005002 
            005012
            106000
            031002
            006002
            006012
            106000
            031001
            101000
            031011
            030001
            101000
            031001
            030001
 315001 013 001011 
            004001
            004002
            004003
            004004
            004005
            005002
            006002
            002032
            102000
            031001
            007062
            022042
 315002 015 001011 
            004001
            004002
            004003
            004004
            004005
            005002
            006002
            002032
            002033
            103000
            031001
            007062
            022043
            022062
 316001 013 004001 
            004002
            004003
            004004
            005002
            006002
            001021
            002041
            019001
            010051
            019002
            019003
            019004
 318001 006 005002 
            006002
            004003
            004004
            004005
            024011
 318003 011 005001 
            006001
            004003
            004003
            004004
            004004
            004005
            004005
            024005
            024004
            024021
 318004 010 005002 
            006002
            004003
            004004
            004005
            004023
            013011
            024005
            024004
            024022
 321001 006 002101 
            002114
            002105
            002106
            002107
            002121
 321003 004 021051 
            021014
            021017
            025030
 321004 018 001001 
            001002
            002001
            004001
            004002
            004003
            004004
            004005
            005001
            006001
            007001
            002003
            104000
            031001
            021051
            021014
            021017
            025030
 321005 012 025004 
            002121
            002122
            002123
            002124
            002125
            002126
            002127
            002128
            002129
            002130
            002131
 321006 004 025001 
            025002
            025003
            025005
 321007 008 025009 
            025010
            025011
            025012
            025013
            025015
            025016
            025017
 321008 003 025006 
            025007
            025008
 321009 002 025018 
            025019
 321010 013 002101 
            007002
            002102
            002103
            002104
            002105
            002106
            002107
            002108
            002109
            002110
            002132
            002133
 321011 003 030031 
            030032
            029002
 321012 003 101000 
            031001
            002135
