# All Brazilian table ../original/D0000461300.ext descriptors 
# Created on Wed Oct 29 09:11:59 MDT 2008
#
3   0   2
    0   0   2
    0   0   3
   -1
#
3   0   3
    0   0  10
    0   0  11
    0   0  12
   -1
#
3   0   4
    3   0   3
    0   0  13
    0   0  14
    0   0  15
    0   0  16
    0   0  17
    0   0  18
    0   0  19
    0   0  20
   -1
#
3   0  10
    3   0   3
    1   1   0
    0  31   1
    0   0  30
   -1
#
3   1   1
    0   1   1
    0   1   2
   -1
#
3   1   2
    0   1   3
    0   1   4
    0   1   5
   -1
#
3   1   3
    0   1  11
    0   1  12
    0   1  13
   -1
#
3   1   4
    0   1   1
    0   1   2
    0   1  15
    0   2   1
   -1
#
3   1  11
    0   4   1
    0   4   2
    0   4   3
   -1
#
3   1  12
    0   4   4
    0   4   5
   -1
#
3   1  13
    0   4   4
    0   4   5
    0   4   6
   -1
#
3   1  21
    0   5   1
    0   6   1
   -1
#
3   1  22
    0   5   1
    0   6   1
    0   7   1
   -1
#
3   1  23
    0   5   2
    0   6   2
   -1
#
3   1  24
    0   5   2
    0   6   2
    0   7   1
   -1
#
3   1  25
    3   1  23
    0   4   3
    3   1  12
   -1
#
3   1  26
    3   1  21
    0   4   3
    0   4   3
    0   4   4
    0   4   4
    0   4   5
    0   4   5
   -1
#
3   1  31
    3   1   1
    0   2   1
    3   1  11
    3   1  12
    3   1  22
   -1
#
3   1  32
    3   1   1
    0   2   1
    3   1  11
    3   1  12
    3   1  24
   -1
#
3   1  33
    0   1   5
    0   2   1
    3   1  11
    3   1  12
    3   1  21
   -1
#
3   1  34
    0   1   5
    0   2   1
    3   1  11
    3   1  12
    3   1  23
    0   1   5
    0   1  12
    0   1  13
    0   2   1
    3   1  11
    3   1  12
    3   1  23
   -1
#
3   1  35
    0   1   5
    0   1  12
    0   1  13
    0   2   1
    3   1  11
    3   1  12
    3   1  23
   -1
#
3   1  36
    3   1   3
    0   2   1
    3   1  11
    3   1  12
    3   1  23
   -1
#
3   1  37
    3   1   1
    0   2  11
    0   2  12
    3   1  11
    3   1  12
    3   1  22
   -1
#
3   1  38
    3   1   1
    0   2  11
    0   2  12
    3   1  11
    3   1  12
    3   1  24
   -1
#
3   1  39
    3   1   3
    0   2  11
    0   2  12
    3   1  11
    3   1  12
    3   1  23
   -1
#
3   1  40
    3   1   3
    0   2  11
    0   2  12
    3   1  11
    3   1  12
    3   1  24
   -1
#
3   1  41
    0   1   7
    0   2  21
    0   2  22
    3   1  11
    3   1  12
   -1
#
3   1  42
    3   1  41
    3   1  21
   -1
#
3   1  43
    0   1   7
    0   2  23
    3   1  11
    3   1  13
    3   1  21
   -1
#
3   1  44
    0   1   7
    0   2  24
    3   1  11
    3   1  13
    3   1  21
   -1
#
3   1  45
    3   1  11
    3   1  12
    2   1 138
    2   2 131
    0   4   6
    2   1   0
    2   2   0
    3   4  30
    3   4  31
   -1
#
3   1  46
    0   1   7
    0   1  12
    0   2  48
    0  21 119
    0  25  60
    2   2 124
    0   2  26
    0   2  27
    2   2   0
    0   5  40
   -1
#
3   1  47
    0   1   7
    0  25  60
    0   1  33
    0   1  34
    0   1  12
    3   1  45
    0   2  21
    3   1  11
    3   1  12
    2   1 138
    2   2 131
    0   4   6
    2   1   0
    2   2   0
    3   1  23
   -1
#
3   1  48
    0   2 104
    0   2 121
    0   2 113
    0   2  26
    0   2  27
    0   2 111
    0   2 140
    2   2 127
    0   1  13
    2   2 126
    0   7   1
    2   2   0
    0  25  10
    0  21  64
   -1
#
3   1  49
    0   2 111
    0   2 112
    0  21  62
    0  21  63
    0  21  65
   -1
#
3   1  51
    0   1   6
    0   2  61
    3   1  11
    3   1  12
    3   1  21
    0   8   4
   -1
#
3   1  55
    0   1   5
    0   2   1
    3   1  11
    3   1  12
    3   1  21
    0   1  12
    0   1  14
   -1
#
3   1  62
    1   1   0
    0  31   1
    3   1   1
   -1
#
3   1  65
    0   1   6
    0   1   8
    0   2   1
    0   2   2
    0   2   5
    0   2  62
    0   2  70
    0   2  65
   -1
#
3   1  66
    3   1  11
    3   1  13
    3   1  23
    0   7   4
    0   2  64
    0   8   4
   -1
#
3   1  71
    0   1   7
    0   1  31
    0   2  20
    0   2  28
    0   2  29
   -1
#
3   1  72
    3   1  71
    3   1  11
    3   1  13
    3   1  21
   -1
#
3   1  90
    3   1   4
    3   1  11
    3   1  12
    3   1  21
    0   7  30
    0   7  31
   -1
#
3   1  91
    0   2 180
    0   2 181
    0   2 182
    0   2 183
    0   2 184
    0   2 179
    0   2 186
    0   2 187
    0   2 188
    0   2 189
   -1
#
3   1  92
    0   1  11
    0   1   3
    0   2   1
    3   1  11
    3   1  12
    3   1  21
    0   7  30
    0   7  31
    0  33  24
   -1
#
3   1  93
    3   1  36
    0   7  30
    0   7  31
   -1
#
3   1 110
    3   1   1
    0   1  11
    0   2  11
    0   2  14
    0   2   3
   -1
#
3   1 111
    3   1   1
    0   1  11
    0   2  11
    0   2  13
    0   2  14
    0   2   3
   -1
#
3   1 112
    0   1   6
    0   2  11
    0   2  13
    0   2  14
    0   2   3
   -1
#
3   1 113
    0   8  21
    3   1  11
    3   1  13
   -1
#
3   1 114
    3   1  21
    0   7  30
    0   7  31
    0   7   7
    0  33  24
   -1
#
3   1 120
    3   1   1
    0   1  94
    0   2  11
    3   1 121
   -1
#
3   1 121
    0   8  41
    3   1 122
    3   1  21
    0   7  31
    0   7   7
   -1
#
3   1 122
    3   1  11
    3   1  12
    2   1 135
    2   2 130
    0   4   6
    2   2   0
    2   1   0
   -1
#
3   1 123
    1   2   2
    0   8  41
    0   1  62
    3   1   1
    0   1  94
    0   2  11
    0   1  18
    0   1  95
    0  25  61
    0  25  68
    0   1  82
    0   1  83
    0   1  81
    0   2  67
    0   2  66
    0   2  14
    0  25  67
    0  25  65
    0  25  66
    0   2  95
    0   2  96
    0   2  97
    0   2  16
    0   2  83
    0   2  80
    0   2  81
    0   1  93
    0   2  84
    0   2  85
    0   2  86
    0   2  82
    0   8  41
    3   1  11
   -1
#
3   1 125
    0   1  33
    0   1  34
    0  25  60
    0   1   7
    0   2  19
    0   1  12
   -1
#
3   1 193
    0   1   7
    0   1  31
    0   2 196
    0   2 221
    0   2 222
   -1
#
3   1 194
    0   1 194
    0   1  12
    0   1  13
    0   2  11
    0   2  12
    3   1  11
    3   1  12
    3   1  23
    0   7   1
   -1
#
3   1 195
    0   1 195
    0   1  12
    0   1  13
    0   2  11
    0   2  12
    3   1  11
    3   1  12
    3   1  23
    0   7   1
   -1
#
3   1 196
    3   1   3
    0   2  11
    0   2  12
    3   1  11
    3   1  12
    3   1  23
    0   7   1
   -1
#
3   1 197
    0   1   6
    0   1   8
    0   2  61
    0   2  62
    0   2   2
    0   2   5
    0   2  70
    0   2  63
    0   2   1
   -1
#
3   1 198
    0   1  11
    0   1  12
    0   1  13
    0   2  11
    0   2  12
    3   1  11
    3   1  12
    3   1  23
    0   7   1
   -1
#
3   1 200
    0   1  32
    0  33 194
   -1
#
3   1 201
    1   1   3
    0  33 193
   -1
#
3   1 202
    0   1  31
    0   1  32
   -1
#
3   1 237
    0   1   7
    0   1  12
    0   2  21
    3   1  11
    0   4   4
    0   4   5
    2   1 138
    2   2 131
    0   4   6
    2   1   0
    2   2   0
    3   1  23
   -1
#
3   1 238
    0   2 104
    0   2 121
    0   2 113
    0   2  26
    0   2  27
    0   2 111
    0   2 192
    2   2 127
    0   1  13
    2   2 126
    0   7   1
    2   2   0
    0  25  10
    0  21 194
   -1
#
3   1 239
    0   2 111
    0   2 112
    0  21 192
    0  21 193
    0  21 195
   -1
#
3   1 240
    2   1 131
    2   2 129
    0  22  21
    2   1   0
    2   2   0
   -1
#
3   1 241
    2   1 141
    2   2 130
    0   7   1
    2   1   0
    2   2   0
   -1
#
3   1 242
    0  21 207
    0  21 208
    0  21 209
    0  21 210
    0  21 211
    0  21 212
   -1
#
3   1 250
    3   1 193
    3   1  11
    3   1  13
    3   1  21
   -1
#
3   2   1
    0  10   4
    0  10  51
    0  10  61
    0  10  63
   -1
#
3   2   2
    0  10   4
    0   7   4
    0  10   3
    0  10  61
    0  10  63
   -1
#
3   2   3
    0  11  11
    0  11  12
    0  12   4
    0  12   6
    0  13   3
    0  20   1
    0  20   3
    0  20   4
    0  20   5
   -1
#
3   2   4
    0  20  10
    0   8   2
    0  20  11
    0  20  13
    0  20  12
    0  20  12
    0  20  12
   -1
#
3   2   5
    0   8   2
    0  20  11
    0  20  12
    0  20  13
   -1
#
3   2   6
    0  10   4
    0  10  51
    0  10  62
    0  10  63
   -1
#
3   2  11
    3   2   1
    3   2   3
    3   2   4
   -1
#
3   2  12
    3   2   2
    3   2   3
    3   2   4
   -1
#
3   2  13
    3   2   6
    3   2   3
    1   1   0
    0  31   1
    3   2   5
   -1
#
3   2  21
    0  22   1
    0  22  11
    0  22  21
   -1
#
3   2  22
    0  22   2
    0  22  12
    0  22  22
   -1
#
3   2  23
    0  22   3
    0  22  13
    0  22  23
   -1
#
3   2  24
    3   2  22
    1   1   2
    3   2  23
   -1
#
3   2  31
    3   2   1
    0  10  62
    0   7   4
    0  10   9
   -1
#
3   2  32
    0   7  32
    0  12 101
    0  12 103
    0  13   3
   -1
#
3   2  33
    0   7  32
    0  20   1
   -1
#
3   2  34
    0   7  32
    0  13  23
   -1
#
3   2  35
    3   2  32
    3   2  33
    3   2  34
    0   7  32
    3   2   4
    1   1   0
    0  31   1
    3   2   5
   -1
#
3   2  36
    1   5   0
    0  31   1
    0   8   2
    0  20  11
    0  20  12
    0  20  14
    0  20  17
   -1
#
3   2  37
    0  20  62
    0  13  13
    0  12 113
   -1
#
3   2  38
    0  20   3
    0   4  24
    0  20   4
    0  20   5
   -1
#
3   2  39
    0   4  24
    0  14  31
   -1
#
3   2  40
    0   7  32
    1   2   2
    0   4  24
    0  13  11
   -1
#
3   2  41
    0   7  32
    0   4  24
    0   4  24
    0  12 111
    0   4  24
    0   4  24
    0  12 112
   -1
#
3   2  42
    0   7  32
    0   2   2
    0   8  21
    0   4  25
    0  11   1
    0  11   2
    0   8  21
    1   3   2
    0   4  25
    0  11  43
    0  11  41
   -1
#
3   2  43
    3   2  38
    1   1   2
    3   2  39
    3   2  40
    3   2  41
    3   2  42
    0   7  32
   -1
#
3   2  44
    0   4  24
    0   2   4
    0  13  33
   -1
#
3   2  45
    0   4  24
    0  14   2
    0  14   4
    0  14  16
    0  14  28
    0  14  29
    0  14  30
   -1
#
3   2  46
    0   4  24
    0   4  24
    0  12  49
   -1
#
3   2  47
    1   2   3
    0   8   2
    0  20  54
   -1
#
3   2  48
    0   5  21
    0   7  21
    0  20  12
    0   5  21
    0   7  21
   -1
#
3   2  49
    0   8   2
    0  20  11
    0  20  13
    0  20  12
    0  20  12
    0  20  12
    0   8   2
   -1
#
3   2  50
    0   8  41
    0   5  21
    0   7   5
    2   2 130
    0   6  21
    2   2   0
    0   8  41
    2   1 131
    2   2 129
    0   2 115
    0  10   4
    0   2 115
    0  13   3
    2   2   0
    2   1   0
    0   2 115
    0  11   1
    0  11   2
    0   2 115
    1   2   2
    0  12 101
    0   4  24
    0   2 115
    0  12 103
    0  12 102
    1   1   3
    0  20  12
    0  20  11
    0  20  13
    1   1   2
    0  20   3
   -1
#
3   2  51
    0  10   4
    0  10  51
    0   7   4
    0  10   3
    0  12   4
    0  12  51
    0  12  16
    0  12  17
    0  13   4
    1   2   4
    0   8  51
    0   8  20
   -1
#
3   2  52
    0   7  32
    0   7  33
    0  12 101
    0   2  39
    0  12 102
    0  12 103
    0  13   3
   -1
#
3   2  53
    0   7  32
    0   7  33
    0  20   1
   -1
#
3   2  54
    3   2  52
    3   2  53
    0   7  33
    3   2  34
    0   7  32
    3   2   4
    1   1   0
    0  31   1
    3   2   5
   -1
#
3   2  55
    0  20  31
    0  20  32
    0  20  33
    0  20  34
    0  20  35
    0  20  36
    0  20  37
    0  20  38
   -1
#
3   2  56
    0   2  38
    0  22  43
   -1
#
3   2  57
    3   2  56
    3   2  21
    3   2  24
   -1
#
3   2  58
    0   7  32
    0   7  33
    0   4  24
    0   4  24
    0  12 111
    0   4  24
    0   4  24
    0  12 112
   -1
#
3   2  59
    0   7  32
    0   7  33
    0   2   2
    0   8  21
    0   4  25
    0  11   1
    0  11   2
    0   8  21
    1   3   2
    0   4  25
    0  11  43
    0  11  41
   -1
#
3   2  60
    3   2  38
    3   2  40
    3   2  58
    3   2  59
   -1
#
3   2  62
    3   2   1
    3   2  52
    3   2  53
    0   7  33
    1   1   0
    0  31   0
    3   2  34
    0   7  32
    1   1   0
    0  31   1
    3   2   5
    0   8   2
    1   1   0
    0  31   0
    3   2  55
    1   1   0
    0  31   0
    3   2  56
    1   1   0
    0  31   0
    3   2  21
    1   1   0
    0  31   0
    3   2  24
   -1
#
3   2  63
    3   2  38
    1   1   0
    0  31   0
    3   2  40
    1   1   0
    0  31   0
    3   2  58
    3   2  59
   -1
#
3   2  66
    0  20  23
    0  20  24
    0  20  27
    0  20  54
    0  20  23
    0  20  27
    0  20  54
    0  20  25
    0  20  26
    0  20  27
    0  20  40
    0  20  66
    0  20  27
    0  20  21
    0  20  67
    0  20  27
   -1
#
3   2  69
    0   7  32
    0   7  33
    0  33  41
    0  20   1
   -1
#
3   2  70
    0   7  32
    0   7  33
    0  11   1
    0  11   2
    0  11  43
    0  11  41
    0  11  16
    0  11  17
   -1
#
3   2  71
    0   7  32
    0   7  33
    0   8  21
    0   4  25
    0  11   1
    0  11   2
    0   8  21
    1   3   2
    0   4  25
    0  11  43
    0  11  41
    0   4  25
    0  11  16
    0  11  17
   -1
#
3   2  72
    0   7  32
    0   7  33
    0  12 101
    0  12 103
    0  13   3
   -1
#
3   2  73
    0  20  10
    1   5   4
    0   8   2
    0  20  11
    0  20  12
    0  33  41
    0  20  13
   -1
#
3   2  74
    0  20   3
    0   4  25
    0  20   4
    0  20   5
   -1
#
3   2  75
    0   8  21
    0   4  25
    0  13  55
    0  13  58
    0   8  21
   -1
#
3   2  76
    0  20  21
    0  20  22
    0  26  20
    0  20  23
    0  20  24
    0  20  25
    0  20  26
   -1
#
3   2  77
    0   7  32
    0   7  33
    0   4  25
    0  12 111
    0  12 112
    0   7  32
    0   4  25
    0  12 112
   -1
#
3   2  78
    0   2 176
    0  20  62
    0   2 177
    0  13  13
   -1
#
3   2  79
    0   7  32
    0   2 175
    0   2 178
    0   4  25
    0  13  11
   -1
#
3   2  80
    0   2 185
    0   4  25
    0  13  33
   -1
#
3   2  81
    0   4  25
    0  14  31
   -1
#
3   2  82
    0   4  25
    0  14   2
    0  14   4
    0  14  16
    0  14  28
    0  14  29
    0  14  30
   -1
#
3   2  83
    0   4  25
    0   8  23
    0  10   4
    0  11   1
    0  11   2
    0  12 101
    0  13   3
    0   8  23
   -1
#
3   2 205
    2   1 131
    2   2 129
    0  22  21
    2   1   0
    2   2   0
   -1
#
3   2 206
    3   2 205
    2   1 130
    2   2 129
    0  22  11
    2   1   0
    2   2   0
    0  22   1
    0  11   1
    0  11   2
   -1
#
3   2 207
    0  22 193
    0  22 194
    0  22 195
    0  22 196
    0  22 197
   -1
#
3   2 250
    1   2   0
    0  31   1
    0  20 193
    0  20 194
    0  20  12
   -1
#
3   3   1
    0   7   3
    0  11   1
    0  11   2
   -1
#
3   3   2
    0   7   4
    0  11   1
    0  11   2
   -1
#
3   3   3
    0   7   4
    0  10   3
    0  12   1
    0  12   3
   -1
#
3   3   4
    0   7   4
    0  10   3
    0  12   1
    0  12   3
    0  11   1
    0  11   2
   -1
#
3   3  11
    0   7   3
    0   8   1
    0  11   1
    0  11   2
   -1
#
3   3  12
    0   7   4
    0   8   1
    0  11   1
    0  11   2
   -1
#
3   3  13
    0   7   4
    0   8   1
    0  10   3
    0  12   1
    0  13   3
    0  11   1
    0  11   2
   -1
#
3   3  14
    0   7   4
    0   8   1
    0  10   3
    0  12   1
    0  12   3
    0  11   1
    0  11   2
   -1
#
3   3  21
    0   7   4
    0   7   4
    2   4   7
    0  31  21
   -1
#
3   3  22
    3   3  21
    0  10   3
    2   4   0
   -1
#
3   3  23
    3   3  21
    0  12   1
    2   4   0
   -1
#
3   3  24
    3   3  21
    0  13  16
    2   4   0
   -1
#
3   3  25
    0   2  25
    2   4   7
    0  31  21
    0  12  63
    2   4   0
   -1
#
3   3  26
    0   7   4
    0   8   3
    2   4   7
    0  31  21
    0  12   1
    2   4   0
   -1
#
3   3  27
    0   7   4
    2   4   7
    0  31  21
    0  10   3
    2   4   0
   -1
#
3   3  31
    0   7   4
    0   8   3
    0   7  21
    0   7  22
    0   8  12
    0  12  61
   -1
#
3   3  32
    0  20  11
    0  20  16
   -1
#
3   3  33
    0  20  10
    0  20  16
   -1
#
3   3  40
    0   8  41
    0   4  25
    0   4  26
    3   1  21
    3   1 122
    2   1 131
    2   2 129
    0  25  69
    0   7   4
    0  13   3
    2   2   0
    2   1   0
    0   2  13
    0  12 101
    0  10   9
    1   2   2
    0   8  40
    0  35  35
   -1
#
3   3  41
    0   2 152
    0   2  23
    0   7   4
    0  11   1
    0  11   2
    0   2 153
    0   2 154
    0  12  71
   -1
#
3   3  50
    0   4  86
    0   8  42
    0   7   4
    0   5  15
    0   6  15
    0  11   1
    0  11   2
   -1
#
3   3  51
    0   4  86
    0   8  42
    0   7   4
    0   5  15
    0   6  15
    0  11  61
    0  11  62
   -1
#
3   3  52
    0   4  86
    0   8  42
    0   7   9
    0   5  15
    0   6  15
    0  11   1
    0  11   2
   -1
#
3   3  53
    0   4  86
    0   8  42
    0   7   9
    0   5  15
    0   6  15
    0  11  61
    0  11  62
   -1
#
3   3  54
    0   4  86
    0   8  42
    0   7   4
    0  10   9
    0   5  15
    0   6  15
    0  12 101
    0  12 103
    0  11   1
    0  11   2
   -1
#
3   3 249
    0   2 252
    1   4   0
    0  31   1
    0   2 199
    0   7   4
    0   7   4
    0  13   3
   -1
#
3   3 250
    0   2 252
    0   2  23
    0   7   4
    0  11   1
    0  11   2
    0   2 197
    0   2 198
    0  12 193
   -1
#
3   3 251
    0   2 252
    1   5   0
    0  31   1
    0   2 254
    0   2 251
    0   2 197
    0   2 198
    0  12  63
   -1
#
3   3 252
    0   2 252
    1   5   0
    0  31   1
    0   2 254
    0   2 251
    0   2 197
    0   2 198
    0  12 194
   -1
#
3   4   1
    0   8   3
    0  10   4
    0  12   1
    0  11   1
    0  11   2
   -1
#
3   4   2
    0   8   3
    0  10   4
    0  11   1
    0  11   2
   -1
#
3   4   3
    0   8   3
    0  12   1
   -1
#
3   4   4
    0   8   3
    0  10   4
    0  20  10
    0  12   1
   -1
#
3   4   5
    0   2  24
    0   7   4
    0   7   4
    0  13   3
   -1
#
3   4   6
    0  14   1
    0  14   1
    0  14   3
   -1
#
3   4  11
    0   2 163
    0   2 164
    0   8  12
    0   7  24
    0   2  57
    0   8  21
    0   4   1
    0   4   2
    0   4   3
    0   4   4
    0   8  21
    0   4  24
    1  10   4
    0   8  21
    0   4   4
    0   4   5
    0   4   6
    0   8  21
    0   4   4
    0   4   5
    0   4   6
    0  11   1
    0  11   2
    1   3  10
    0   2 163
    0   7   4
    0  12   1
   -1
#
3   4  30
    0  27  31
    0  28  31
    0  10  31
   -1
#
3   4  31
    0   1  41
    0   1  42
    0   1  43
   -1
#
3   4  32
    0   2 153
    0   2 154
    0  20  81
    0  20  82
    0  20  12
   -1
#
3   4  33
    0   2 152
    0   2 166
    0   2 167
    0   2 153
    0   2 154
    0  12  75
    0  12  76
    0  12  63
   -1
#
3   4  34
    1   2   4
    0  27   1
    0  28   1
    0   7  22
    0   5  43
    0  20  10
    0  20  16
    0  33   3
    0  10  40
   -1
#
3   4 228
    0   5 217
    0   6 217
    0   7 217
   -1
#
3   4 229
    0   1 208
    0   1 209
    0   1 210
   -1
#
3   4 250
    0   2 231
    0   2 232
    0   8  12
    0   7  24
    0   2  57
    0   8  21
    0   4   1
    0   4   2
    0   4   3
    0   4   4
    0   8  21
    0   4  24
    1  10   4
    0   8  21
    0   4   4
    0   4   5
    0   4   6
    0   8  21
    0   4   4
    0   4   5
    0   4   6
    0  11   1
    0  11   2
    1   3  10
    0   2 231
    0   7   4
    0  12   1
   -1
#
3   5   3
    3   1  12
    0   4  65
    1   1   0
    0  31   1
    3   5   1
   -1
#
3   5   6
    0  13  72
    0  13  82
    0  13  19
    0  12   1
    0  13  73
    0  13  60
   -1
#
3   5   7
    3   1  29
    3   1  12
    0   4  65
    1   1   0
    0  31   1
    3   5   6
   -1
#
3   5   8
    3   5   6
    0  12  30
   -1
#
3   5   9
    3   1  29
    3   1  12
    0   4  65
    1   1   0
    0  31   1
    3   5   8
   -1
#
3   5  11
    3   1  29
    3   1  12
    0   4  65
    1   1   0
    0  31   1
    3   5  10
   -1
#
3   5  18
    3   1  29
    3   1  12
    0   4  65
    1   3   0
    0  31   1
    3   5   8
    3   5  16
    3   5  17
   -1
#
3   6   1
    0   2  32
    1   2   0
    0  31   1
    0   7  62
    0  22  42
   -1
#
3   6   2
    0   2  31
    0  22   4
    0  22  31
   -1
#
3   6   3
    0   2   2
    0  11  11
    0  11  12
    0  12   4
   -1
#
3   6   4
    0   2  32
    0   2  33
    1   3   0
    0  31   1
    0   7  62
    0  22  43
    0  22  62
   -1
#
3   6   5
    0   2  31
    1   3   0
    0  31   1
    0   7  62
    0  22   4
    0  22  31
   -1
#
3   6   6
    3   6   3
    3   6   2
    0  22  63
   -1
#
3   6   7
    0   1  12
    0   1  14
    3   6   8
    0   4  24
    0  27   3
    0  28   3
   -1
#
3   6   8
    0   2  34
    0   2  35
    0   2  36
   -1
#
3   6  19
    0   1  75
    3   1  11
    3   1  12
    0  22  42
    0  22 120
    0  22 121
    0   4  15
    0   4  65
   -1
#
3   6  20
    3   6  24
    1   2   6
    0  22  38
    0  22  39
   -1
#
3   6  21
    0   1  75
    3   1  11
    3   1  12
    0  22 122
    0  22 123
    0  12   1
    3   3   2
   -1
#
3   6  22
    0   1  75
    3   1  11
    3   1  12
    0  22  38
    0  22  39
   -1
#
3   6  23
    0   1  15
    3   1  23
    3   1  11
    3   1  12
    0  22  38
    0  22  39
    0  22 120
    0  22 121
   -1
#
3   6  24
    0   1  75
    3   1  11
    3   1  12
    0  22  42
    0  22 120
    0  22 121
    0   4  25
    0   4  15
   -1
#
3   6  25
    3   6  19
    1   2   6
    0  22  38
    0  22  39
   -1
#
3   7   1
    3   1  31
    3   2  11
   -1
#
3   7   2
    3   1  32
    3   2  11
   -1
#
3   7   3
    3   7   1
    1   1   0
    0  31   1
    3   2   5
   -1
#
3   7   4
    3   7   2
    1   1   0
    0  31   1
    3   2   5
   -1
#
3   7   5
    3   7   1
    1   1   4
    3   2   5
   -1
#
3   7   6
    3   7   2
    1   1   4
    3   2   5
   -1
#
3   7   7
    3   1  31
    3   2  12
   -1
#
3   7   8
    3   1  32
    3   2  12
   -1
#
3   7   9
    3   1  31
    3   2  13
   -1
#
3   7  11
    0   1  63
    0   2   1
    3   1  11
    3   1  12
    3   1  24
    0   7   6
    0  11   1
    0  11  16
    0  11  17
    0  11   2
    0  11  41
    0   7   6
    0  12   1
    0  12   3
    0  10  52
    0  20   9
   -1
#
3   7  12
    1   3   0
    0  31   1
    0   8  23
    0   5  21
    0  20   1
   -1
#
3   7  13
    1   6   0
    0  31   1
    0   1  64
    0   8  14
    0  20  61
    0   8  14
    0  20  61
    0  20  18
   -1
#
3   7  14
    1   1   0
    0  31   1
    0  20  19
   -1
#
3   7  15
    1   1   0
    0  31   1
    3   2   5
    0  20   2
   -1
#
3   7  16
    1   1   0
    0  31   1
    0  20  20
   -1
#
3   7  17
    1   1   0
    0  31   1
    0  11  70
   -1
#
3   7  18
    0   8  16
    1   2   0
    0  31   1
    0   8  17
    3   1  12
    1   4   0
    0  31   1
    0   7   6
    0  11   1
    0  11   2
    0  11  41
    0  20   9
    1   1   0
    0  31   1
    0  20   1
    3   7  14
   -1
#
3   7  20
    3   7  11
    3   7  14
    3   7  16
   -1
#
3   7  21
    3   7  11
    3   7  12
    3   7  13
    3   7  14
    3   7  15
    3   7  16
    3   7  17
    3   7  18
    3   7  15
   -1
#
3   7  22
    0   1  15
    3   1  11
    3   1  12
    3   1  22
    0   8  21
    0   4  25
    0  10   4
    0  12   1
    0  13   3
    0  33  38
    0   8  22
    1   6  25
    0   2  20
    0   1  50
    0   5  21
    0   7  21
    0  15  31
    0  15  32
    0   8  60
    0  15  33
    0  15  34
    0   8  60
    0  15  33
    0  15  34
    0  15  35
    2   1 131
    2   2 129
    0  13  16
    2   2   0
    2   1   0
    0  15  11
   -1
#
3   7  30
    0  15   1
    0  15   2
   -1
#
3   7  31
    0   8  22
    0   8  23
    0  15   1
    0   8  23
    0  15   1
    0   8  23
    0  15   2
   -1
#
3   7  41
    3   1   1
    0   1  15
    3   1  22
    3   1  11
    3   1  12
    3   1  70
    3   7  30
   -1
#
3   7  42
    3   1   1
    0   1  15
    3   1  22
    3   1  11
    3   1  12
    0   8  21
    0   4  25
    3   1  70
    3   7  31
   -1
#
3   7  43
    3   1   1
    0   1  15
    3   1  24
    3   1  11
    3   1  12
    3   1  74
    3   7  30
   -1
#
3   7  45
    0   1  63
    0   8  79
    0   2   1
    3   1  11
    3   1  12
    3   1  24
    0   7  32
    0  11   1
    0  11  16
    0  11  17
    0   8  54
    0  11  83
    0  11  84
    0  11   2
    0   8  54
    0  11  85
    0  11  86
    0  11  41
    0   8  54
    0   7  32
    0  12  23
    0  12  24
    0   7  32
    0  10  52
    0  20   9
   -1
#
3   7  46
    0  20  60
    1   3   0
    0  31   1
    0   5  21
    0  20  59
   -1
#
3   7  47
    1   5   0
    0  31   1
    0   8   2
    0  20  11
    0  20  12
    0  20  13
    0  20  92
    0  20   2
    0  20  91
   -1
#
3   7  48
    0   8  16
    1   2   0
    0  31   1
    0   8  17
    3   1  12
    1  12   0
    0  31   0
    0   7  32
    0  11   1
    0   8  54
    0  11  83
    0  11  84
    0  11   2
    0   8  54
    0  11  85
    0  11  86
    0  11  41
    0   8  54
    0   7  32
    0  20   9
    1   1   0
    0  31   0
    0  20  60
    3   7  14
    3   7  47
   -1
#
3   7  49
    1   2   0
    0  31   0
    0  22  43
    0  22  21
   -1
#
3   7  50
    1   1   0
    0  31   0
    0  20  85
    1   2   0
    0  31   1
    0   1  64
    0  20  85
    1   5   0
    0  31   1
    0   1  64
    0  20  86
    0  20  87
    0  20  88
    0  20  89
   -1
#
3   7  59
    3   7  45
    3   7  46
    3   7  13
    3   7  14
    3   7  47
    3   7  16
    3   7  17
    3   7  49
    3   7  50
    1   1   0
    0  31   1
    3   7  48
   -1
#
3   7  52
    0   1  63
    0   8  39
    3   1  11
    3   1  12
    0   8  79
    3   1  11
    3   1  12
    3   1  11
    3   1  12
    3   1  24
   -1
#
3   7  53
    0   7  32
    0  11   1
    0   8  54
    0  11  83
    0  11  84
    0  11   2
    0   8  54
    0  11  85
    0  11  86
    0  11  41
    0   8  54
    0   7  32
    0  20   9
    0  20  60
    3   7  14
    3   7  47
   -1
#
3   7  54
    0   7  32
    0   8  39
    0   4   3
    0   4   4
    0   8  23
    0  12  23
    0   8  39
    0   4   3
    0   4   4
    0   8  23
    0  12  23
    0   8  23
    0   8  39
    0   7  32
   -1
#
3   7  55
    0  33  45
    0   8  16
    0   4   3
    3   1  12
    0   4   3
    3   1  12
    3   7  53
   -1
#
3   7  56
    3   7  52
    3   7  53
    3   7  54
    1   1   0
    0  31   1
    3   7  55
   -1
#
3   7  63
    0   7  61
    0  12 130
   -1
#
3   7  71
    3   1  90
    0   4  74
    0   4  23
    0   8  23
    0  10   4
    0  10  51
    0   7   4
    0  10   9
    0   7  32
    0  12 101
    0   2  51
    0   4  51
    0  12 118
    0   4  52
    0  12 119
    0  13   4
    0   8  23
    0  12 151
    0   7  32
    1   2   5
    0   8  50
    0   8  20
    0  14  32
    0  14  33
    0   8  50
    0   8  20
    1   2  18
    0   8  52
    0   8  22
    0   7  32
    0   8  53
    0   4   3
    0  12 152
    0   8  53
    0   4   3
    0  12 153
    0   8  53
    0   4   3
    0   8  23
    0  12 101
    0   8  53
    0   4   3
    0   8  23
    0  12 101
    0   8  23
    0   7  32
    0   2   2
    0   8  53
    0   4   3
    0  11  46
    0   8  53
    0   4   3
    0   4   4
    0   4  23
    0   7  32
    0  13  60
    0  13  51
    0   4  53
    0   8  50
    0   8  20
    1   2   6
    0   8  52
    0   8  22
    0   8  53
    0   4   3
    0  13  52
    0   7  32
   -1
#
3   7  72
    0   4   1
    0   4   1
    0   4   2
    0   4   3
    0   4   4
    0   4  74
    0   4  22
    0   8  23
    0  10   4
    0  10  51
    0   7   4
    0  10   9
    0   7  32
    0  12 101
    0   2  51
    0   4  51
    0  12 118
    0   4  52
    0  12 119
    0  13   4
    0  12 151
    0   7  32
    0  14  32
    0   8  23
    0   4   1
    0   4   1
    0   4   2
    0   4   3
    0   4   4
    0   4  22
    0   7  32
    0   8  23
    0  13  60
    0   4  53
    0   8  23
    1   2   8
    0   8  50
    0   8  20
   -1
#
3   7  73
    3   7  71
    3   7  72
   -1
#
3   7  80
    3   1  90
    3   2  31
    3   2  35
    3   2  36
    3   2  47
    0   8   2
    3   2  48
    3   2  37
    3   2  43
    3   2  44
    1   1   2
    3   2  45
    3   2  46
   -1
#
3   7  81
    3   1  90
    3   2  31
    3   2  35
    3   2  36
    3   2  47
    0   8   2
    3   2  48
    3   2  37
    0  12 122
    0  13  56
    0  13  57
    0  20 101
    0  20 102
    0  20 103
    0  20 104
    0  20 105
    0  20 106
    0  20 107
    0  20 108
    3   2  43
    3   2  44
    1   1   2
    3   2  45
    3   2  46
   -1
#
3   7  82
    3   1  90
    3   2  31
    3   2  35
    3   2  36
    3   2  47
    0   8   2
    3   2  48
    3   2  37
    0  12 121
    0  12 122
    3   2  43
    3   2  44
    1   1   2
    3   2  45
    3   2  46
   -1
#
3   7  83
    3   1  90
    3   2  31
    3   2  35
    3   2  36
    3   2  47
    0   8   2
    3   2  48
    3   2  37
    0  12 122
    3   2  43
    3   2  44
    1   1   2
    3   2  45
    3   2  46
   -1
#
3   7  84
    3   1  90
    3   2  31
    3   2  35
    3   2  36
    3   2  47
    0   8   2
    3   2  48
    3   2  37
    0  20  55
    1   1   0
    0  31   0
    2   5   1
    3   2  43
    3   2  44
    1   1   2
    3   2  45
    3   2  46
   -1
#
3   7  86
    3   1  90
    3   2  31
    3   2  35
    3   2  36
    0   8   2
    3   2  37
    3   2  66
    3   2  43
    3   2  44
    1   1   2
    3   2  45
   -1
#
3   7  90
    3   1  92
    3   2  31
    3   2  35
    3   2  36
    3   2  47
    0   8   2
    3   2  48
    3   2  37
    3   2  43
    3   2  44
    1   1   2
    3   2  45
    3   2  46
   -1
#
3   8   1
    3   1  33
    3   2  11
    0  22  42
   -1
#
3   8   2
    3   1  34
    3   2  11
    0  22  42
   -1
#
3   8   3
    3   1  35
    3   2  11
    0  22  42
   -1
#
3   8   4
    3   1  36
    3   2  11
    0  22  42
   -1
#
3   8   5
    3   8   4
    3   2  24
   -1
#
3   8   6
    0  10   4
    0  10  61
    0  10  63
    0  11   1
    0  11   2
    0  12   4
    0  13   3
    0  22  42
   -1
#
3   8   7
    3   1  55
    3   2  11
    0   7  62
    0  22  42
   -1
#
3   8   8
    3   1  93
    3   2  62
    3   2  63
   -1
#
3   8   9
    3   1  93
    3   2   1
    3   2  54
    0   8   2
    3   2  55
    3   2  57
    3   2  60
   -1
#
3   8  10
    0   1  11
    1  13   0
    0  31   1
    3   1  11
    3   1  12
    3   1  21
    0   4  80
    0  22  49
    0   4  80
    0  22  59
    0   4  80
    0  22   5
    0   2  42
    0  22  32
    0   2  42
    0   4  80
   -1
#
3   9   1
    3   1  37
    1   1   0
    0  31   1
    3   3  11
   -1
#
3   9   2
    3   1  38
    1   1   0
    0  31   1
    3   3  11
   -1
#
3   9   3
    3   1  37
    1   1   0
    0  31   1
    3   3  12
   -1
#
3   9   4
    3   1  38
    1   1   0
    0  31   1
    3   3  12
   -1
#
3   9   5
    3   1  37
    3   2   4
    1   1   0
    0  31   1
    3   3  13
   -1
#
3   9   6
    3   1  38
    3   2   4
    1   1   0
    0  31   1
    3   3  13
   -1
#
3   9   7
    3   1  37
    3   2   4
    1   1   0
    0  31   1
    3   3  14
   -1
#
3   9   8
    3   1  38
    3   2   4
    1   1   0
    0  31   1
    3   3  14
   -1
#
3   9  11
    3   1  39
    1   1   0
    0  31   1
    3   3  11
   -1
#
3   9  12
    3   1  39
    1   1   0
    0  31   1
    3   3  12
   -1
#
3   9  13
    3   1  39
    3   2   4
    1   1   0
    0  31   1
    3   3  13
   -1
#
3   9  14
    3   1  39
    3   2   4
    1   1   0
    0  31   1
    3   3  14
   -1
#
3   9  15
    3   1  40
    1   1   0
    0  31   1
    3   3  11
   -1
#
3   9  16
    3   1  40
    1   1   0
    0  31   1
    3   3  12
   -1
#
3   9  17
    3   1  40
    3   2   4
    1   1   0
    0  31   1
    3   3  13
   -1
#
3   9  18
    3   1  40
    3   2   4
    1   1   0
    0  31   1
    3   3  14
   -1
#
3   9  19
    3   1  31
    0   2   3
    1   1   0
    0  31   1
    3   3  11
   -1
#
3   9  20
    3   1  31
    0   2   3
    1   4   0
    0  31   1
    0   7   3
    0  11   3
    0  11   4
    0  11   5
   -1
#
3   9  30
    0  15   4
    0  15   5
    1   4   0
    0  31   1
    0   4  15
    0   8   6
    0   7   4
    0  15   3
   -1
#
3   9  31
    0  15   4
    0  15   5
    1   4   0
    0  31   1
    0   4  25
    0   8   6
    0   7   4
    0  15   3
   -1
#
3   9  40
    3   1  75
    3   1  76
    3   9  30
   -1
#
3   9  42
    3   7  42
    3   1  75
    3   1  76
    3   9  30
   -1
#
3   9  50
    3   1 110
    3   1 113
    3   1 114
    1   1   0
    0  31   2
    3   3  50
    1   1   0
    0  31   1
    3   3  51
   -1
#
3   9  51
    3   1 110
    3   1 113
    3   1 114
    1   1   0
    0  31   2
    3   3  52
    1   1   0
    0  31   1
    3   3  53
   -1
#
3   9  52
    3   1 111
    3   1 113
    3   1 114
    3   2  49
    0  22  43
    1   1   0
    0  31   2
    3   3  54
    1   1   0
    0  31   1
    3   3  51
   -1
#
3   9  53
    3   1 112
    3   1 113
    3   1 114
    1   1   0
    0  31   2
    3   3  54
    1   1   0
    0  31   1
    3   3  51
   -1
#
3   9  60
    3   1 123
    3   1 121
    3   2  50
    3   3  40
   -1
#
3   9  61
    3   1 120
    0   8  41
    3   1 122
    2   1 131
    2   2 129
    0  25  69
    0   7   4
    2   2   0
    2   1   0
    0  33   7
    0  33  35
    0  33  15
    0  13   9
    0  33   7
    0  33  35
    0  33  15
    0   2  13
    0  12 101
    0  33   7
    0  33  35
    0  33  15
   -1
#
3   9  62
    3   1 120
    0   8  41
    3   1 122
    0   5   1
    0  33  35
    0  33  15
    0   6   1
    0  33  35
    0  33  15
    0   7   7
    0  33  35
    0  33  15
    0  11   3
    0  33  35
    0  33  15
    0  11   4
    0  33  35
    0  33  15
    0  33   7
   -1
#
3   9  63
    3   1 120
    0   8  41
    3   1 122
    0   5   1
    0  33  35
    0  33  15
    0   6   1
    0  33  35
    0  33  15
    0   7   7
    0  33  35
    0  33  15
    0  11   3
    0  33  35
    0  33  15
    0  11   4
    0  33  35
    0  33  15
    0  33   7
   -1
#
3   9  64
    3   1 120
    0   8  41
    3   1 122
    2   1 131
    2   2 129
    1   4   2
    0  25  69
    0   7   4
    0  33  35
    0  33  15
    0  13   3
    0  33  35
    0  33  15
    2   2   0
    2   1   0
    1   4   2
    0   2  13
    0  12 101
    0  33  35
    0  33  15
    0  12 103
    0  33  35
    0  33  15
    0  10   9
    0  33  35
    0  33  15
   -1
#
3   9  65
    3   1 120
    0   8  41
    3   1 122
    0   5   1
    0  33  35
    0  33  15
    0   6   1
    0  33  35
    0  33  15
    0   7   7
    0  33  35
    0  33  15
    0  11   3
    0  33  35
    0  33  15
    0  11   4
    0  33  35
    0  33  15
   -1
#
3   9  66
    3   1 120
    0   8  41
    3   1 122
    0   8  40
    2   1 131
    2   2 129
    0  25  69
    0   7   4
    0  13   3
    2   2   0
    2   1   0
    0   2  13
    0  12 101
    0  12 103
    0  10   9
    0  10   7
    0  11   2
    0  11   1
   -1
#
3   9 194
    3   1 194
    3   2   4
    1   1   0
    0  31   1
    3   3  14
   -1
#
3   9 195
    3   1 195
    3   2   4
    1   1   0
    0  31   1
    3   3  14
   -1
#
3   9 196
    3   1 196
    3   2   4
    1   1   0
    0  31   1
    3   3  14
   -1
#
3   9 198
    3   1 198
    3   2   4
    1   1   0
    0  31   1
    3   3  14
   -1
#
3  10   1
    3   1  42
    3   3  31
    3   3  32
    1   1  26
    3   3  25
   -1
#
3  10   2
    3   1  42
    3   3  31
    3   3  32
    1   1   9
    3   3  23
   -1
#
3  10   3
    3   1  42
    3   3  31
    3   3  32
    1   1   6
    3   3  23
   -1
#
3  10   4
    3   1  42
    3   3  31
    3   3  32
    1   1   3
    3   3  24
   -1
#
3  10   5
    3   1  42
    3   3  31
    3   3  33
    1   1   0
    0  31   1
    3   3  25
   -1
#
3  10   6
    3   1  42
    3   3  31
    3   3  33
    1   1   0
    0  31   1
    3   3  23
   -1
#
3  10   7
    3   1  42
    3   3  31
    3   3  33
    1   1   0
    0  31   1
    3   3  24
   -1
#
3  10   8
    3  10  11
    1   1  19
    3  10  12
    0   2 150
    0  25  79
    0  25  80
    0  33  32
    0  14  45
   -1
#
3  10   9
    3  10  11
    1   1  15
    3  10  12
   -1
#
3  10  10
    3  10  11
    1   1   5
    3  10  12
   -1
#
3  10  11
    0   8  70
    0   1  33
    0   1  34
    0   8  70
    0   1  33
    0   1  34
    0   1   7
    0   2  48
    0   5  40
    0  25  75
    2   1 133
    0   5  41
    2   1   0
    0   5  43
    0  25  70
    0  33  30
    0  33  31
    0   4   1
    0   4   2
    0   4   3
    0   4   4
    0   4   5
    2   2 131
    2   1 138
    0   4   6
    2   1   0
    2   2   0
    0   5   1
    0   6   1
    2   2 126
    0   7   1
    2   2   0
    0   7  24
    0   5  21
    0   7  25
    0   5  22
    0  33  33
    0   2 151
    0  12  64
    0   2 151
    0  12  64
    0   2 151
    0  12  64
    0   2 151
    0  12  64
   -1
#
3  10  12
    0   2 150
    0  25  76
    0  25  77
    0  25  78
    0  33  32
    2   1 132
    2   2 129
    0  12  63
    2   2   0
    2   1   0
   -1
#
3  10  13
    0   1   7
    0   5  40
    0   4   1
    0   4   2
    0   4   3
    0   4   4
    0   4   5
    0   4   6
    0   5   1
    0   6   1
    0   7  25
    0   5  43
    0  25  85
    2   1 131
    2   2 129
    0   2 150
    0   8  23
    0   8  72
    0  14  27
    0   8  72
    0  14  27
    0   2 150
    0   8  23
    0   8  72
    0  14  27
    0   8  72
    0  14  27
    0   2 150
    0   8  23
    0   8  72
    0  14  27
    0   8  72
    0  14  27
    2   2   0
    2   1   0
    2   1 132
    2   2 129
    0   2 150
    0   8  23
    0   8  72
    0  12  63
    0   8  72
    0  12  63
    0   2 150
    0   8  23
    0   8  72
    0  12  63
    0   8  72
    0  12  63
    0   8  23
    0   8  72
    0  12  63
    0   8  72
    0  12  63
    0   2 150
    0   8  23
    0   8  72
    0  12  63
    0   8  72
    0  12  63
    2   2   0
    2   1   0
   -1
#
3  10  14
    3   1  72
    3   3  41
    3   4  11
   -1
#
3  10  15
    3   1  72
    0   7  24
    0  10   2
    3   3  41
    1   1   3
    3   4  32
    0   2 152
    0   2  24
    0   7   4
    0   7   4
    0  13   3
    1   1   3
    3   4  33
   -1
#
3  10  16
    3   1  72
    0   7  24
    0  10   2
    3   3  41
    1   1  12
    3   4  32
    0   2 152
    0   2  24
    0   7   4
    0   7   4
    0  13   3
    1   1  12
    3   4  33
   -1
#
3  10  19
    0   1   7
    0   2  19
    3   1  11
    3   1  13
    3   1  23
    0   7  25
    0   8  21
    0   7  25
    0   8  21
    0   7  25
    0   8  21
    0   8  29
    0   5  40
    0   8  75
    0  15   1
    0  33  66
    0  10   4
    0  15  30
    0  21   1
    0  20  81
    0   8   3
    0  33  42
    0   7   4
    0   8   3
    0  15   1
    1  11  21
    0   7   4
    0   7   4
    0   8  21
    0  15   5
    0   8  21
    0  15   5
    0  33   7
    0   8  26
    1   1  20
    0  25 143
    0   8  26
    0   8  43
    1   9  15
    0   7   4
    0   8  90
    2   2 132
    2   1 135
    0  15   8
    2   1   0
    2   2   0
    0   8  90
    0  33   7
    0   8  43
    0  33  67
    1   6   8
    2   2 124
    2   1   7
    0   2  71
    2   1   0
    2   2   0
    0  20  81
   -1
#
3  10  20
    3  10  22
    3   1  11
    3   1  13
    3   1  21
    3   4  34
    3  10  21
   -1
#
3  10  21
    1   8   0
    0  31   1
    2   1 131
    2   2 129
    0   7   4
    0   7   4
    2   2   0
    2   1   0
    0  15  20
    0  10   2
   -1
#
3  10  22
    0   1   7
    0   2  19
    0   1  33
    0   2 172
   -1
#
3  10  23
    3   1  72
    0  30  21
    0  30  22
    0   8  12
    0   7  24
    0   7  25
    0  10   2
    1   1  12
    3   4  32
    1   5   2
    0   2 152
    0   2  24
    0   7   4
    0   7   4
    0  13   3
    1   1  12
    3   4  33
   -1
#
3  10  24
    3   1  72
    0  30  21
    0  30  22
    0   8  12
    0   7  24
    0   7  25
    0  10   2
    1   1   3
    3   4  32
    1   5   2
    0   2 152
    0   2  24
    0   7   4
    0   7   4
    0  13   3
    1   1   3
    3   4  33
   -1
#
3  10  25
    0   1   7
    0   8  21
    0   4   1
    0   4   2
    0   4   3
    0   4   4
    0   4   5
    2   1 138
    2   2 131
    0   4   6
    2   2   0
    2   1   0
    2   1 132
    0   5  41
    2   1   0
    2   1 129
    0   5  43
    2   1   0
    0   5   2
    0   6   2
    0  13  40
    0  20  29
    1   4  24
    0   5  42
    0  12 163
    0  21  83
    0  21  84
    1  15   3
    0   4   1
    0   4   2
    0   4   3
    2   1 142
    2   2 131
    0   4  26
    2   2   0
    2   1   0
    0   5   1
    0   6   1
    2   1 138
    2   2 129
    0   7   1
    2   2   0
    2   1   0
    0   8  21
    0   4   1
    0   4   2
    0   4   3
    0   4   4
    0   4   5
    0   5  40
    1   1   3
    0  12  70
    0  25  54
    1   1   4
    0  25  55
    0   8   7
    1   4  28
    0   5   2
    0   6   2
    0   2 111
    0   5  21
   -1
#
3  10  26
    3  10  22
    0  25  60
    0   8  21
    3   1  11
    3   1  12
    2   1 138
    2   2 131
    0   4   6
    2   2   0
    2   1   0
    0  33  39
    0  33   7
    3   4  30
    3   4  31
    0   2  20
    0   1  50
    2   2 127
    3   4  30
    2   2   0
    3   4  31
    2   1 133
    2   2 131
    0   4  16
    2   2   0
    2   1   0
    3   1  21
    3   4  30
    0  10  35
    0   5  21
    0  10  36
    1  13   0
    0  31   2
    3   1  21
    0   5  21
    1   8   0
    0  31   1
    0   2 121
    0   7  40
    0  15  37
    0   8  23
    2   1 125
    0  15  37
    2   1   0
    0   8  23
    0  33   7
    1   8   0
    0  31   2
    0   7   7
    0  15  36
    0   8  23
    2   1 123
    0  15  36
    2   1   0
    0   8  23
    0  33   7
    1  16   0
    0  31   2
    0   7   9
    0  10   4
    0  12   1
    0  13   1
    0   8  23
    2   1 120
    0  10   4
    2   1   0
    2   1 122
    0  12   1
    2   1   0
    2   1 123
    0  13   1
    2   1   0
    0   8  23
    0  33   7
    0   8   3
    0   7   9
    0  10   4
    0   8  23
    2   1 120
    0  10   4
    2   1   0
    0   8  23
    0  33   7
   -1
#
3  10  29
    1  10   0
    0  31   1
    2   1 138
    2   2 130
    0   7   4
    0   7   4
    2   2   0
    2   1   0
    0  15  20
    0  10   2
    0  12 101
    0  13  98
   -1
#
3  10  30
    3  10  22
    3   1  11
    3   1  13
    3   1  21
    3   4  34
    3  10  29
   -1
#
3  10  50
    3  10  51
    3  10  52
    1   1   0
    0  31   2
    3  10  53
    1   1   4
    3  10  54
    0  20  10
    3  10  52
    1   1  15
    3  10  53
    3  10  52
    1   1   5
    3  10  53
   -1
#
3  10  51
    0   1   7
    0   5  40
    2   1 133
    0   5  41
    2   1   0
    2   1 132
    0  25  70
    2   1   0
    2   2 126
    0   7   1
    2   2   0
    0   7  25
    0   5  22
    1   2   9
    0   2 151
    0  12  64
   -1
#
3  10  52
    0   2  19
    3   1  11
    3   1  12
    2   2 131
    2   1 138
    0   4   6
    2   1   0
    2   2   0
    3   1  21
    0   7  24
    0   5  21
    0   5  43
   -1
#
3  10  53
    2   1 134
    0   5  42
    2   1   0
    0  25  76
    0  33  32
    0  12 163
   -1
#
3  10  54
    2   1 134
    0   5  42
    2   1   0
    0  25  76
    0  33  32
    2   1 131
    2   2 129
    1   2   2
    0   8  23
    0  14  27
    0   8  23
    2   2   0
    2   1   0
   -1
#
3  10  55
    3  10  51
    3  10  52
    1   2  20
    0  25  76
    0  25  52
    1   1   0
    0  31   2
    0  25  50
   -1
#
3  10 193
    3   1 250
    3   3 250
    3   2 250
    3   3 249
    3   3 251
   -1
#
3  10 194
    3   1 250
    3   3 250
    3   2 250
    3   3 249
    3   3 252
   -1
#
3  10 195
    3   1 250
    3   3 250
    3   4 250
   -1
#
3  10 196
    3   1 250
    3   3 249
    3   3 251
   -1
#
3  10 226
    3  10  22
    0  25  60
    0   8  21
    3   1  11
    3   1  12
    2   1 138
    2   2 131
    0   4   6
    2   2   0
    2   1   0
    0  33  39
    0  33   7
    3   4  30
    3   4  31
    0   2  20
    0   1  50
    2   2 127
    3   4  30
    2   2   0
    3   4  31
    2   1 133
    2   2 131
    0   4  16
    2   2   0
    2   1   0
    3   1  21
    3   4  30
    0  10  35
    0   5  21
    0  10  36
    1   7   0
    0  31   2
    3   1  21
    0   5  21
    1   3   0
    0  31   1
    0   2 121
    0   7  40
    0  15  37
   -1
#
3  11   1
    3   1  51
    0   7   2
    0  12   1
    0  11   1
    0  11   2
    0  11  31
    0  11  32
    0  11  33
    0  20  41
   -1
#
3  11   2
    3   1  65
    3   1  66
    3  11   3
    3  11   4
   -1
#
3  11   3
    0  10  70
    0  11   1
    0  11   2
    0  12   1
    0  13   2
   -1
#
3  11   4
    1   1   0
    0  31   0
    0  11  34
    1   1   0
    0  31   0
    0  11  35
    1   1   0
    0  31   0
    0  11  75
    1   1   0
    0  31   0
    0  11  76
    1   1   0
    0  31   0
    0  33  25
    1   1   0
    0  31   0
    0  33  26
   -1
#
3  11   5
    0   1   8
    0   1  23
    3   1  21
    3   1  11
    3   1  13
    0   7  10
    0   8   9
    0  11   1
    0  11   2
    0  11  31
    0  11  36
    0  12 101
    0  33  25
   -1
#
3  11   6
    0   7  10
    0  11   1
    0  11   2
    0   2  64
    0  12 101
    0  12 103
   -1
#
3  11   7
    0   7  10
    3   1  21
    0  11   1
    0  11   2
    0   2  64
    0  12 101
    0  12 103
   -1
#
3  11   8
    0   1   8
    3   1  11
    3   1  13
    3   1  21
    0   8   4
    1   1   0
    0  31   1
    3  11   6
   -1
#
3  11   9
    0   1   8
    3   1  11
    3   1  13
    3   1  21
    0   8   4
    1   1   0
    0  31   1
    3  11   7
   -1
#
3  11 193
    3   1 197
    3   1  11
    3   1  12
    3   1  23
    0   8   4
    0   7   4
    0   8  21
    0  11   1
    0  11   2
    0  11  31
    0  11  34
    0  11  35
    0  12   1
    0  12   3
    0  13   3
    0  20  41
   -1
#
3  12   1
    3   1  43
    3   4   1
   -1
#
3  12   2
    3   1  43
    3   4   2
   -1
#
3  12   3
    3   1  42
    3   4   3
   -1
#
3  12   4
    3   1  42
    3   4   4
   -1
#
3  12   5
    3   1  42
    0  20  14
   -1
#
3  12   6
    3   1  44
    3   4   5
   -1
#
3  12   7
    3   1  42
    3   4   6
   -1
#
3  12  10
    0   1   7
    0   5  40
    0   2  21
    0   5  41
    0   4   1
    0   4  43
   -1
#
3  12  11
    2   2 131
    2   1 149
    0   4   6
    2   1   0
    2   2 126
    0  10   2
    2   2   0
    0   5  43
    0   5  53
   -1
#
3  12  12
    2   2 129
    2   1 132
    1   1  19
    0  12  63
    2   1   0
    2   2   0
   -1
#
3  12  13
    0   5  42
    2   2 129
    2   1 135
    0  12  63
    2   1   0
    2   2   0
   -1
#
3  12  14
    3  12  10
    3  12  11
    1   5  56
    3   1  23
    0   5  42
    0   5  52
    3  12  12
    3  12  13
   -1
#
3  12  15
    1   9  11
    3   1  23
    0   5  42
    0   5  52
    2   2 129
    2   1 132
    1   1   4
    0  12  63
    2   2   0
    2   1   0
   -1
#
3  12  16
    3  12  10
    3  12  11
    3  12  15
   -1
#
3  12  17
    1   9   8
    3   1  23
    0   5  42
    0   5  52
    2   2 129
    2   1 132
    1   1   3
    0  12  63
    2   2   0
    2   1   0
   -1
#
3  12  18
    3  12  10
    3  12  11
    3  12  17
   -1
#
3  12  19
    3   1  47
    3   1  48
    0  15  15
    0  29   2
    0  21  76
    1   6  12
    2   1 129
    0   6  30
    2   1   0
    1   2  12
    0   5  30
    0  21  75
    0  21  66
   -1
#
3  12  20
    3   1  47
    3   1  48
    0  15  15
    0  29   2
    0  21  76
    1   4  12
    0   6  30
    1   2  12
    0   5  30
    0  21  75
    0  21  66
   -1
#
3  12  21
    3   1  47
    1   1   3
    3   1  49
    0  11  12
    0  11  11
    0  21  67
   -1
#
3  12  22
    3   1  47
    0   8  22
    0  11  12
    0  11  50
    0  22  70
    0  22  26
    3  12  41
    0  10  50
    0  21  68
    0  21  71
    0  21  72
    0  21  73
    3  12  42
    0  21  62
    0  15  11
   -1
#
3  12  23
    3   1  47
    1   3   3
    0   8  22
    0  12  61
    0  22  50
    0  21  69
    0  21  85
   -1
#
3  12  24
    3  12  20
    0   8  60
    0   8  22
    0   8  60
    0   8  22
    0  25  14
    0  22 101
    0  22  97
    0  22  98
    0  22  99
    0  22 100
   -1
#
3  12  25
    3  12  19
    0   8  60
    0   8  22
    0   8  60
    0   8  22
    0  25  14
    0  22 101
    0  22  97
    0  22  98
    0  22  99
    0  22 100
   -1
#
3  12  26
    3   1  46
    3   1  11
    3   1  13
    3   1  23
    3  12  31
    1   1   4
    3  12  30
    0  21 110
    3   1  23
    3  21  27
    0  21 111
    3   1  23
    3  21  27
    0  21 112
    3   1  23
    3  21  27
    0  21 113
    3   1  23
    3  21  27
   -1
#
3  12  27
    3   1  47
    1   5   9
    3   1  23
    0   7  21
    0  12  61
    0   7  21
    0  12  61
    0  21  85
    0  21  70
   -1
#
3  12  28
    3   1  46
    3   1  11
    3   1  13
    3   1  23
    0   8  25
    2   1 136
    0   4   6
    2   1   0
    3  12  31
    3  12  32
    1   1   4
    3  12  30
    1   1   2
    3  12  33
    0  21 110
    3   1  23
    3  21  28
    0  21 111
    3   1  23
    3  21  28
    0  21 112
    3   1  23
    3  21  28
    0  21 113
    3   1  23
    3  21  28
   -1
#
3  12  30
    2   1 130
    2   2 129
    0  11  12
    2   2   0
    2   1   0
    0  11  52
    2   1 135
    2   2 130
    0  11  11
    2   2   0
    2   1   0
    0  11  53
    0  21 104
   -1
#
3  12  31
    0   5  34
    0   6  34
    0  21 109
    0  11  81
    0  11  82
    0  21 101
    0  21 102
    0  21 103
   -1
#
3  12  32
    0  21 120
    0  21 121
    0  13  55
    0  21 122
   -1
#
3  12  33
    0   2 104
    0   8  22
    0  12  63
    0  12  65
   -1
#
3  12  41
    2   1 141
    2   2 130
    0   7   1
    2   1   0
    2   2   0
   -1
#
3  12  42
    0  21  77
    0  21  78
    0  21  79
    0  21  80
    0  21  81
    0  21  82
   -1
#
3  12  45
    0   1   7
    0   2  19
    0   1  96
    0  25  61
    0   5  40
    3   1  11
    3   1  13
    3   1  21
    0   7   2
    0  12 180
    0  12 181
    0  12 182
    0  12 183
    0  12 184
    0  12 185
    0   2 174
    0  21  86
    0  12 186
    0  21  87
    0  12 187
    0  33  43
   -1
#
3  12  50
    0   1   7
    0   2  19
    0   1  96
    0  25  61
    0   5  40
    3   1  11
    3   1  13
    3   1  21
    0   7  25
    0   5  22
    0  10  80
    0  27  80
    0   8   3
    0   7   4
    0  13  93
    0   8   3
    2   1 131
    2   2 129
    0   7   4
    0   7   4
    2   2   0
    2   1   0
    0  13  95
   -1
#
3  12  51
    0   1   7
    0   2  19
    0   1  96
    0  25  61
    0   5  40
    0   8  75
    3   1  11
    3   1  13
    3   1  21
    0   1  12
    2   1 131
    0   1  13
    2   1   0
    0  10  32
    0  10  33
    0  10  34
    0   7   2
    0   8  12
    0  25 110
    0  25 111
    0  25 102
    0   2 104
    0  25 103
    0  25 104
    0  25 105
    0  25 106
    0  25 107
    0  25 108
    0   2 111
    0   2 121
    0   2  26
    0   2  27
    0  21 130
    0  21 131
    0  21 132
    0  21 133
    0  21  64
    0  25  14
    0  21 134
    1   7  18
    0   5  30
    1   5  24
    2   1 130
    0   6  30
    2   1   0
    0  21 135
    0  21 136
    0  33  44
   -1
#
3  12  52
    0   1   7
    0   2  19
    0   1  96
    0  25  61
    0   5  40
    0  25 120
    0  25 121
    0  25 124
    0  25 125
    0  25 122
    0  25 123
    3   1  11
    3   1  13
    3   1  21
    0   7   2
    0   2 119
    0  33  47
    0  10  81
    0  10  82
    0  10  83
    0  10  84
    0   2 116
    0   2 117
    0   2 118
    0   2 156
    0   2 157
    0  14  55
    0  22 150
    0  22 151
    0  22 152
    0  22 153
    0  22 154
    0  22 155
    0  22 156
    0  22 157
    0  22 158
    0  22 159
    0  21 137
    0  21 138
    0  21 139
    0  21 140
    0  21 141
    0  21 142
    0  10  85
    0  10  86
    0  10  87
    0  10  88
    0  10  89
    0  10  90
    0  10  91
    0  10  92
    0  10  93
    0  11   2
    0  25 126
    0  25 127
    0  25 128
    0  25 129
    0  25 130
    0  25 131
    0  25 132
    0  25 133
    0  25 134
    0  25 135
    0  25 136
    0  25 137
    0  13  96
    0  13  97
    0  11  95
    0  11  96
    0  12 188
    0  12 189
    0   2 158
    0   2 159
    0  33  52
    0  33  53
    0  21 143
    0  21 144
   -1
#
3  12  53
    0   1   7
    0   2  19
    0   1  96
    0  25  61
    0   5  40
    0   8  75
    3   1  11
    3   1  13
    3   1  21
    0   1  12
    2   1 131
    0   1  13
    2   1   0
    0  10  32
    0  10  33
    0  10  34
    0   7   2
    0   8  12
    0  25 110
    0  25 111
    0  25 102
    0   2 104
    0  25 103
    0  25 104
    0  25 105
    0  25 106
    0  25 107
    0  25 108
    0  11   1
    0  11   2
    0  22 160
    0  25 138
    2   1 130
    2   2 129
    0  22  21
    2   2   0
    2   1   0
    0  33  48
    0  33  49
    0   2  26
    0   2  27
    0  21 130
    0  21 131
    0  21 132
    0  21 133
    0  25  14
    1   6  36
    0   5  30
    1   4  24
    2   1 130
    0   6  30
    2   1   0
    0  22 161
    0  33  44
   -1
#
3  12  55
    0   5  33
    0   5  40
    0   6  34
    0  10  95
    0  21 157
   -1
#
3  12  56
    0  25  60
    0   1  32
    0  11  82
    0  11  81
    0  20  95
    0  20  96
    0  21 155
    2   1 133
    0  21 101
    0  21 102
    2   1   0
   -1
#
3  12  57
    2   1 130
    2   2 129
    0  11  12
    2   2   0
    2   1   0
    2   1 131
    2   2 129
    0  11  11
    2   2   0
    2   1   0
    0  21 156
    0  21 104
   -1
#
3  12  58
    3   1 125
    3   1  11
    3   1  13
    3   1  21
    3  12  55
    0  21 150
    1   1   3
    3  21  30
   -1
#
3  12  59
    3  12  56
    1   1   0
    0  31   1
    3  12  57
   -1
#
3  12  60
    0  25  60
    0  25  62
    0  40   1
    0  40   2
    0  21  62
    0  21 151
    0  21 152
    0  21 153
    0  21 154
    0  21  62
    0  21  62
    0  40   3
    0  40   4
    0  40   5
    0  40   6
    0  40   7
    0  20  65
    0  40   8
    0  40   9
    0  40  10
   -1
#
3  12  61
    3  12  58
    3  12  60
    3  12  59
   -1
#
3  12 200
    3   1 237
    3   1 238
    0  29   2
    0  21 206
    1   4  12
    0   6 232
    1   2  12
    0   5 232
    0  21 205
    0  21 196
   -1
#
3  12 201
    3   1 237
    1   1   3
    3   1 239
    0  11  12
    0  11  11
    0  21 197
   -1
#
3  12 202
    3   1 237
    0   8  22
    0  11  12
    0  11  50
    3   1 240
    0  22 243
    3   1 241
    0  10  50
    0  21 198
    0  21 201
    0  21 202
    0  21 203
    3   1 242
   -1
#
3  12 203
    3   1 237
    0   8  22
    0  12  61
    0  22  50
    0  21 204
    0  21 199
    0  21 214
    0  21 215
   -1
#
3  12 204
    3  12 201
    0   1  31
    0  11  12
    0  11  11
    0  21 200
    0  21 213
    0   4   4
    0   8  21
    0   4  24
    0  55   3
    0  11  12
    0  11  11
   -1
#
3  12 207
    3  12 202
    3   1 202
    0  33 191
   -1
#
3  12 208
    3   1 202
    0   8  22
    0   8  21
    3   1  11
    3   1  13
    3   1  23
    3   2 205
    0  11   2
    0   1   7
    0   2  21
    3   1  11
    3   1  13
    3   1  23
    0   1  32
    0   1 192
    3   2 205
    0  11   2
   -1
#
3  12 209
    3   1 202
    0   1 192
    3   1  11
    3   1  13
    3   1  23
    3   2 206
    1   4   0
    0  22 192
    1   2   0
    0   5 232
    0  22 191
   -1
#
3  12 210
    3  12 202
    0  21 192
    0  15 202
    3   1  11
    0   4   4
    0   4   5
    2   1 138
    2   2 131
    0   4   6
    2   1   0
    2   2   0
    3   4 228
    3   4 229
   -1
#
3  12 211
    3   1  46
    3   1  11
    3   1  13
    3   1  23
    3  12  31
    1   1   4
    3  12  30
    0  21 110
    1   1   4
    3  12 212
    0  21 111
    1   1   4
    3  12 212
    0  21 112
    1   1   4
    3  12 212
    0  21 113
    1   1   4
    3  12 212
   -1
#
3  12 212
    3   1  23
    3  21  27
   -1
#
3  13   9
    0  21   1
    1   1   0
    0  31   1
    0  21   1
   -1
#
3  13  10
    0  21  36
    1   1   0
    0  31   1
    0  21  36
   -1
#
3  13  31
    0   6   2
    0   6  12
    1   1   0
    0  31   2
    0  30   1
   -1
#
3  13  32
    0   5   2
    0   5  12
    1   1   0
    0  31   2
    3  13  31
   -1
#
3  13  41
    0   6   2
    1  10   0
    0  31   1
    1   4   0
    0  31   1
    0   6  12
    1   1   0
    0  31  12
    0  30   1
    0   6  12
    1   1   0
    0  31   1
    0  30   1
   -1
#
3  13  42
    0   5   2
    0   5  12
    1   1   0
    0  31   2
    3  13  41
   -1
#
3  13  43
    0   6   2
    0   5   2
    0   5  12
    1  12   0
    0  31   1
    1  10   0
    0  31   1
    1   4   0
    0  31   1
    0   6  12
    1   1   0
    0  31  11
    0  30   1
    0   6  12
    1   1   0
    0  31   1
    0  30   1
   -1
#
3  15   1
    0   1  11
    3   1  11
    3   1  12
    3   1  23
    3   6   1
   -1
#
3  15   2
    0   1  11
    3   1  11
    3   1  12
    3   1  23
    3   6   4
   -1
#
3  16   1
    3   1  11
    0   4   4
    3   1  23
    0   1  21
    0   2  41
    0  19   1
    0  10  51
    0  19   2
    0  19   3
    0  19   4
   -1
#
3  16   2
    0   8  21
    0   4   1
    0   4   2
    0   4   3
    0   4   4
    0   4   5
    0   1  33
    0   8  21
    0   4   1
    0   4   2
    0   4   3
    0   4   4
    0   4   5
    0   7   2
    0   7   2
   -1
#
3  16   3
    1  10   0
    0  31   1
    0   8  11
    0   8   7
    1   4   0
    0  31   1
    0   5   2
    0   6   2
    0  10   2
    0  11   2
    0   8   7
    0   8  11
   -1
#
3  16   4
    1  11   0
    0  31   1
    0   8  11
    0   8   7
    0   7   2
    0   7   2
    1   2   0
    0  31   1
    0   5   2
    0   6   2
    0  11  31
    0   8   7
    0   8  11
   -1
#
3  16   5
    1   8   0
    0  31   1
    0   8   5
    0   8   7
    0   5   2
    0   6   2
    0   1  26
    0  19   1
    0   8   7
    0   8   5
   -1
#
3  16   6
    1  12   0
    0  31   1
    0   8  11
    0   8   7
    0   7   2
    0   7   2
    1   2   0
    0  31   1
    0   5   2
    0   6   2
    0  20  11
    0  20  12
    0   8   7
    0   8  11
   -1
#
3  16   7
    1  10   0
    0  31   1
    0   8  11
    0   8   7
    1   4   0
    0  31   1
    0   5   2
    0   6   2
    0  19   5
    0  19   6
    0   8   7
    0   8  11
   -1
#
3  16   8
    1  11   0
    0  31   1
    0   8   1
    0   8   7
    0   8  23
    1   3   0
    0  31   1
    0   5   2
    0   6   2
    0  10   2
    0   8  23
    0   8   7
    0   8   1
   -1
#
3  16   9
    1  11   0
    0  31   1
    0   8  11
    0   8   7
    0   7   2
    0   7   2
    1   2   0
    0  31   1
    0   5   2
    0   6   2
    0  20  41
    0   8   7
    0   8  11
   -1
#
3  16  10
    1   7   0
    0  31   1
    0   8  11
    0   8   7
    0   1  22
    0   5   2
    0   6   2
    0   8   7
    0   8  11
   -1
#
3  16  11
    1  17   0
    0  31   1
    0   8  11
    0   1  22
    0   8   7
    1   2   0
    0  31   1
    0   5   2
    0   6   2
    0   8  21
    0   4   1
    0   4   2
    0   4   3
    0   4   4
    0   4   5
    0  20  90
    0   8  21
    0   8   7
    0   8  11
   -1
#
3  16  22
    0   1  32
    0   2  41
    0  19   1
    0  19  10
    1  18   0
    0  31   1
    0   8  21
    0   4  14
    0   8   5
    3   1  23
    0  19   5
    0  19   6
    0  10   4
    0  11  41
    0   8  21
    0   4  75
    0  11  40
    0  19   8
    1   5   4
    0   5  21
    0   5  21
    1   2   2
    0  19   3
    0  19   4
   -1
#
3  16  50
    3   1   1
    3   1  11
    3   1  12
    0   2 160
    0   8   5
    0   5   2
    0   6   2
    0   8   5
    0  19 100
    0  19   5
    0  19   6
    0  19 101
    0  19 102
    0  19 103
    0  19 104
    0  19 105
   -1
#
3  16  52
    3   1   5
    3   1  11
    3   1  12
    0   1   7
    0  25 150
    1  22   0
    0  31   1
    0   1  27
    0  19 150
    0  19 106
    0   8   5
    0   5   2
    0   6   2
    0   8   5
    0  19 107
    0  19   5
    0  19   6
    0  19 108
    0  19 109
    0  19 110
    0  19 111
    0  19 112
    0  19 113
    0  19 114
    0  19 115
    0  19 116
    0  19 117
    0  19 118
    0  19 119
   -1
#
3  18   1
    3   1  25
    0  24  11
   -1
#
3  18   3
    3   1  26
    0  24   5
    0  24   4
    0  24  21
   -1
#
3  18   4
    3   1  25
    0   4  23
    0  13  11
    0  24   5
    0  24   4
    0  24  22
   -1
#
3  21   1
    0   2 101
    0   2 114
    0   2 105
    0   2 106
    0   2 107
    0   2 121
   -1
#
3  21   3
    0  21  51
    0  21  14
    0  21  17
    0  21  30
   -1
#
3  21   4
    3   1  31
    0   2   3
    1   1   0
    0  31   1
    3  21   3
   -1
#
3  21   5
    0  25   4
    0   2 121
    0   2 122
    0   2 123
    0   2 124
    0   2 125
    0   2 126
    0   2 127
    0   2 128
    0   2 129
    0   2 130
    0   2 131
   -1
#
3  21   6
    0  25   1
    0  25   2
    0  25   3
    0  25   5
   -1
#
3  21   7
    0  25   9
    0  25  10
    0  25  11
    0  25  12
    0  25  13
    0  25  15
    0  25  16
    0  25  17
   -1
#
3  21   8
    0  25   6
    0  25   7
    0  25   8
   -1
#
3  21   9
    0  25  18
    0  25  19
   -1
#
3  21  10
    0   2 101
    0   7   2
    0   2 102
    0   2 103
    0   2 104
    0   2 105
    0   2 106
    0   2 107
    0   2 108
    0   2 109
    0   2 110
    0   2 132
    0   2 133
   -1
#
3  21  11
    0  30  31
    0  30  32
    0  29   2
   -1
#
3  21  12
    1   1   0
    0  31   1
    0   2 135
   -1
#
3  21  21
    0   2   3
    0   2 101
    2   1 130
    0   2 106
    2   1   0
    2   1 132
    2   2 130
    0   2 121
    2   2   0
    2   1   0
    2   1 133
    2   2 129
    0  25   1
    2   2   0
    2   1   0
   -1
#
3  21  22
    0   7   7
    2   4   1
    0  31  21
    0  11   1
    2   4   0
    0  11   2
    2   4   1
    0  31  21
    0  11   6
    2   4   0
    0  21  30
   -1
#
3  21  23
    0   7   7
    0  21  91
    0  21  30
    2   2 129
    0  21  14
    2   1 129
    0  21  17
    2   2   0
    2   1   0
   -1
#
3  21  24
    0   7   7
    2   4   1
    0  31  21
    0  12   7
    0  11   6
    2   4   0
    0  21  30
   -1
#
3  21  25
    0   7   7
    0  21  91
    0  21  30
    2   2 129
    0  21  14
    2   1 129
    0  21  17
    2   2   0
    2   1   0
    0  21  92
    0  21  30
    0  25  92
    2   1 129
    2   2 129
    0  21  17
    2   2   0
    2   1   0
   -1
#
3  21  26
    0   7   7
    2   4   1
    0  31  21
    0  12   7
    0  25  91
    0  11  71
    0  11  72
    0  11  73
    0  11  74
    2   4   0
   -1
#
3  21  27
    0  21 118
    2   2 129
    2   1 132
    0   2 112
    2   1   0
    2   1 131
    0   2 111
    2   1   0
    2   2   0
    0   2 104
    0  21 105
    0  21 106
    0  21 107
    0  21 114
    0  21 115
    0  21 116
    0   8  18
    0  21 117
   -1
#
3  21  28
    0  21 118
    2   2 129
    2   1 132
    0   2 112
    2   1   0
    2   1 131
    0   2 111
    2   1   0
    2   2   0
    0   2 104
    0  21 123
    0  21 106
    0  21 107
    0  21 114
    0  21 115
    0  21 116
    0   8  18
    0  21 117
   -1
#
3  21  30
    0   8  85
    2   2 129
    2   1 131
    0   2 111
    2   1   0
    2   2   0
    0   2 134
    0  21  62
    0  21  63
    0  21 158
    0  21 159
    0  21 160
    0  21 161
    0  21 162
    0  21 163
    0  21 164
    0  21 165
    0  21 166
   -1
#
3  40   1
    0   1   7
    0   1  31
    0   2  19
    0   2  20
    0   4   1
    0   4   2
    0   4   3
    0   4   4
    0   4   5
    2   2 131
    2   1 138
    0   4   6
    2   1   0
    2   2   0
    0   5   1
    0   6   1
    0   7  24
    0   5  21
    0   7  25
    0   5  22
    0   5  43
    0   5  40
    2   1 133
    0   5  41
    2   1   0
    2   1 132
    0  25  70
    2   1   0
    2   2 126
    0   7   1
    2   2   0
    0  33  60
    0  33  61
    0  33  62
    0  33  63
    0  33  64
    0  33  65
    1   1  10
    3  40   2
    1   1  87
    3  40   3
    0   2  19
    0  25  51
    1   1   7
    3  40   4
   -1
#
3  40   2
    0  25 140
    0  25 141
    0  25 142
   -1
#
3  40   3
    1   4 100
    2   1 136
    0   5  42
    2   1   0
    0  14  46
   -1
#
3  40   4
    0   5  60
    0   5  61
    0  25  85
    1   5   6
    0   5  42
    0  25 142
    0  14  47
    0  25 142
    0  14  48
   -1
#
3  63 225
    3   1  11
    3   1  13
    0   1   7
    0   5  40
    0   5  40
    0  25  71
    3   1  23
    0   5  43
    0  13  38
    0   8  12
    0  13  39
    0   8  13
    0  25  45
    0  25  48
    0  25  49
    0   2  22
    0   7  22
    0   7  24
    0  13  16
    0  15   1
    0  20  11
    0   8   3
    0  10   4
    0  22  43
    0  12  61
    0   7   1
    0   8   3
    0   7   4
    0  12   1
    0   8   3
    1   2  35
    0   5  42
    0  12  63
    1   3  40
    0   7   4
    0  12   1
    0  13   2
   -1
#
